selected_tag:t=""
bin_dump_file:t=""

mission_settings{

  player{
    army:i=1
    wing:t=""
  }

  player_teamB{
    army:i=2
    wing:t=""
  }

  mission{
    level:t="levels/berlin.bin"
    type:t="domination"
    environment:t="Day"
    weather:t="hazy"
    deathPenaltyMulRounds:r=0.0

    stars{
      latitude:r=52.5
      longitude:r=13.0
      year:i=1945
      month:i=4
      day:i=2
    }
  }

  spectator_points{
  }
}

imports{

  import_record{
    file:t="gameData/missions/templates/air_templates/gs/assaults_gs_template.blk"
    importAreas:b=yes
    importUnits:b=yes
    importTriggers:b=yes
    importMissionObjectives:b=yes
    importWayPoints:b=yes
    showAreas:b=yes
    showUnits:b=yes
    showTriggers:b=yes
    showMissionObjectives:b=yes
    showWayPoints:b=yes

    excludes{
    }
  }
}

triggers{
  isCategory:b=yes
  is_enabled:b=yes
}

mission_objectives{
  isCategory:b=yes
  is_enabled:b=yes
}

variables{
  ai_assaults_saved:i=0
  ft_helicopters_pad_exclusive:b=no
}

dialogs{
}

airfields{
}

effects{
}

units{
}

areas{

  at_area{
    type:t="Sphere"
    tm:m=[[9177.26, 0.0, 13106.5] [0.0, 16000.0, 0.0] [-13106.5, 0.0, 9177.26] [-5767.8, 600.0, 748.0]]
    objLayer:i=0

    props{
    }
  }

  at_t2_spawn_01_01{
    type:t="Point"
    tm:m=[[-0.805925, 0.0, 0.592019] [0.0, 1.0, 0.0] [-0.592019, 0.0, -0.805925] [1750.5, 600.0, -1976.49]]
    objLayer:i=0

    props{
    }
  }

  at_t1_spawn_01_01{
    type:t="Point"
    tm:m=[[0.805925, 0.0, -0.592019] [0.0, 1.0, 0.0] [0.592019, 0.0, 0.805925] [-10907.9, 599.99, 6891.39]]
    objLayer:i=0

    props{
    }
  }

  at_t2_spawn_01_02{
    type:t="Point"
    tm:m=[[-0.805925, 0.0, 0.592019] [0.0, 1.0, 0.0] [-0.592019, 0.0, -0.805925] [-623.3, 600.0, -5377.51]]
    objLayer:i=0

    props{
    }
  }

  at_t1_spawn_01_02{
    type:t="Point"
    tm:m=[[0.805925, 0.0, -0.592019] [0.0, 1.0, 0.0] [0.592019, 0.0, 0.805925] [-13285.3, 599.991, 3484.23]]
    objLayer:i=0

    props{
    }
  }

  at_t1_spawn_02_01{
    type:t="Point"
    tm:m=[[0.805925, 0.0, -0.592019] [0.0, 1.0, 0.0] [0.592019, 0.0, 0.805925] [-9171.74, 599.99, 7973.74]]
    objLayer:i=0

    props{
    }
  }

  at_t1_spawn_02_02{
    type:t="Point"
    tm:m=[[0.805925, 0.0, -0.592019] [0.0, 1.0, 0.0] [0.592019, 0.0, 0.805925] [-13708.8, 599.99, 1446.99]]
    objLayer:i=0

    props{
    }
  }

  at_t2_spawn_02_01{
    type:t="Point"
    tm:m=[[-0.805925, 0.0, 0.592019] [0.0, 1.0, 0.0] [-0.592019, 0.0, -0.805925] [-2394.66, 600.0, -6530.9]]
    objLayer:i=0

    props{
    }
  }

  at_t2_spawn_02_02{
    type:t="Point"
    tm:m=[[-0.805925, 0.0, 0.592019] [0.0, 1.0, 0.0] [-0.592019, 0.0, -0.805925] [2188.8, 600.001, -0.182007]]
    objLayer:i=0

    props{
    }
  }
}

objLayers{
}

wayPoints{
}