selected_tag:t=""
bin_dump_file:t=""

mission_settings{

  player{
    army:i=1
    wing:t="armada_01"
  }

  player_teamB{
    army:i=2
  }

  mission{
    level:t="levels/water.bin"
    type:t="singleMission"
    environment:t="Day"
    weather:t="hazy"
    restoreType:t="attempts"
    optionalTakeOff:b=no
  }

  spectator_points{
  }
}

imports{

  import_record{
    file:t="gameData/missions/templates/enduring_confrontation/lpt_lookup_template.blk"
    importAreas:b=yes
    importUnits:b=yes
    importTriggers:b=yes
    importMissionObjectives:b=yes
    importWayPoints:b=yes
    showAreas:b=yes
    showUnits:b=yes
    showTriggers:b=yes
    showMissionObjectives:b=yes
    showWayPoints:b=yes

    excludes{
    }
  }

  import_record{
    file:t="gameData/missions/templates/units_sets/plane_sets_lookups/lpt_t1_uk_rank_01.blk"
    rankRange:ip2=0, 3
    importAreas:b=yes
    importUnits:b=yes
    importTriggers:b=yes
    importMissionObjectives:b=yes
    importWayPoints:b=yes
    showAreas:b=yes
    showUnits:b=yes
    showTriggers:b=yes
    showMissionObjectives:b=yes
    showWayPoints:b=yes

    excludes{
    }
  }

  import_record{
    file:t="gameData/missions/templates/units_sets/plane_sets_lookups/lpt_t1_uk_rank_02.blk"
    rankRange:ip2=4, 7
    importAreas:b=yes
    importUnits:b=yes
    importTriggers:b=yes
    importMissionObjectives:b=yes
    importWayPoints:b=yes
    showAreas:b=yes
    showUnits:b=yes
    showTriggers:b=yes
    showMissionObjectives:b=yes
    showWayPoints:b=yes

    excludes{
    }
  }

  import_record{
    file:t="gameData/missions/templates/units_sets/plane_sets_lookups/lpt_t1_uk_rank_03.blk"
    rankRange:ip2=8, 11
    importAreas:b=yes
    importUnits:b=yes
    importTriggers:b=yes
    importMissionObjectives:b=yes
    importWayPoints:b=yes
    showAreas:b=yes
    showUnits:b=yes
    showTriggers:b=yes
    showMissionObjectives:b=yes
    showWayPoints:b=yes

    excludes{
    }
  }

  import_record{
    file:t="gameData/missions/templates/units_sets/plane_sets_lookups/lpt_t1_uk_rank_04.blk"
    rankRange:ip2=12, 16
    importAreas:b=yes
    importUnits:b=yes
    importTriggers:b=yes
    importMissionObjectives:b=yes
    importWayPoints:b=yes
    showAreas:b=yes
    showUnits:b=yes
    showTriggers:b=yes
    showMissionObjectives:b=yes
    showWayPoints:b=yes

    excludes{
    }
  }

  import_record{
    file:t="gameData/missions/templates/units_sets/plane_sets_lookups/lpt_t1_uk_rank_05.blk"
    rankRange:ip2=17, 20
    importAreas:b=yes
    importUnits:b=yes
    importTriggers:b=yes
    importMissionObjectives:b=yes
    importWayPoints:b=yes
    showAreas:b=yes
    showUnits:b=yes
    showTriggers:b=yes
    showMissionObjectives:b=yes
    showWayPoints:b=yes

    excludes{
    }
  }

  import_record{
    file:t="gameData/missions/templates/units_sets/plane_sets_lookups/lpt_t1_uk_rank_06.blk"
    rankRange:ip2=21, 250
    importAreas:b=yes
    importUnits:b=yes
    importTriggers:b=yes
    importMissionObjectives:b=yes
    importWayPoints:b=yes
    showAreas:b=yes
    showUnits:b=yes
    showTriggers:b=yes
    showMissionObjectives:b=yes
    showWayPoints:b=yes

    excludes{
    }
  }

  import_record{
    file:t="gameData/missions/templates/units_sets/plane_sets_lookups/lpt_t1_uk_rank_07.blk"
    rankRange:ip2=260, 500
    importAreas:b=yes
    importUnits:b=yes
    importTriggers:b=yes
    importMissionObjectives:b=yes
    importWayPoints:b=yes
    showAreas:b=yes
    showUnits:b=yes
    showTriggers:b=yes
    showMissionObjectives:b=yes
    showWayPoints:b=yes

    excludes{
    }
  }

  import_record{
    file:t="gameData/missions/templates/units_sets/plane_sets_lookups/lpt_t2_germ_rank_01.blk"
    rankRange:ip2=0, 3
    importAreas:b=yes
    importUnits:b=yes
    importTriggers:b=yes
    importMissionObjectives:b=yes
    importWayPoints:b=yes
    showAreas:b=yes
    showUnits:b=yes
    showTriggers:b=yes
    showMissionObjectives:b=yes
    showWayPoints:b=yes

    excludes{
    }
  }

  import_record{
    file:t="gameData/missions/templates/units_sets/plane_sets_lookups/lpt_t2_germ_rank_02.blk"
    rankRange:ip2=4, 7
    importAreas:b=yes
    importUnits:b=yes
    importTriggers:b=yes
    importMissionObjectives:b=yes
    importWayPoints:b=yes
    showAreas:b=yes
    showUnits:b=yes
    showTriggers:b=yes
    showMissionObjectives:b=yes
    showWayPoints:b=yes

    excludes{
    }
  }

  import_record{
    file:t="gameData/missions/templates/units_sets/plane_sets_lookups/lpt_t2_germ_rank_03.blk"
    rankRange:ip2=8, 11
    importAreas:b=yes
    importUnits:b=yes
    importTriggers:b=yes
    importMissionObjectives:b=yes
    importWayPoints:b=yes
    showAreas:b=yes
    showUnits:b=yes
    showTriggers:b=yes
    showMissionObjectives:b=yes
    showWayPoints:b=yes

    excludes{
    }
  }

  import_record{
    file:t="gameData/missions/templates/units_sets/plane_sets_lookups/lpt_t2_germ_rank_04.blk"
    rankRange:ip2=12, 16
    importAreas:b=yes
    importUnits:b=yes
    importTriggers:b=yes
    importMissionObjectives:b=yes
    importWayPoints:b=yes
    showAreas:b=yes
    showUnits:b=yes
    showTriggers:b=yes
    showMissionObjectives:b=yes
    showWayPoints:b=yes

    excludes{
    }
  }

  import_record{
    file:t="gameData/missions/templates/units_sets/plane_sets_lookups/lpt_t2_germ_rank_05.blk"
    rankRange:ip2=17, 20
    importAreas:b=yes
    importUnits:b=yes
    importTriggers:b=yes
    importMissionObjectives:b=yes
    importWayPoints:b=yes
    showAreas:b=yes
    showUnits:b=yes
    showTriggers:b=yes
    showMissionObjectives:b=yes
    showWayPoints:b=yes

    excludes{
    }
  }

  import_record{
    file:t="gameData/missions/templates/units_sets/plane_sets_lookups/lpt_t2_germ_rank_06.blk"
    rankRange:ip2=21, 250
    importAreas:b=yes
    importUnits:b=yes
    importTriggers:b=yes
    importMissionObjectives:b=yes
    importWayPoints:b=yes
    showAreas:b=yes
    showUnits:b=yes
    showTriggers:b=yes
    showMissionObjectives:b=yes
    showWayPoints:b=yes

    excludes{
    }
  }

  import_record{
    file:t="gameData/missions/templates/units_sets/plane_sets_lookups/lpt_t2_germ_rank_07.blk"
    rankRange:ip2=260, 500
    importAreas:b=yes
    importUnits:b=yes
    importTriggers:b=yes
    importMissionObjectives:b=yes
    importWayPoints:b=yes
    showAreas:b=yes
    showUnits:b=yes
    showTriggers:b=yes
    showMissionObjectives:b=yes
    showWayPoints:b=yes

    excludes{
    }
  }
}

triggers{
  isCategory:b=yes
  is_enabled:b=yes

  lpt_part_init{
    is_enabled:b=yes
    comments:t=""

    props{
      actionsType:t="PERFORM_ONE_BY_ONE"
      conditionsType:t="ALL"
      enableAfterComplete:b=no
    }

    events{

      initMission{
      }
    }

    conditions{
    }

    actions{

      comment{
        value:t="kolichestvo tochek +1"
      }

      varSetInt{
        value:i=4
        var:t="lpt_num_points"
      }
    }

    else_actions{
    }
  }
}

mission_objectives{
  isCategory:b=yes
  is_enabled:b=yes
}

variables{
}

dialogs{
}

airfields{
}

effects{
}

units{
}

areas{

  t1_lookup_spawn_01{
    type:t="Point"
    tm:m=[[0.707107, 0.0, 0.707107] [0.0, 1.0, 0.0] [-0.707107, 0.0, 0.707107] [-17000.0, 4500.0, -47000.0]]
    objLayer:i=0

    props{
    }
  }

  t2_lookup_spawn_01{
    type:t="Point"
    tm:m=[[-0.5373, 0.0, -0.843392] [0.0, 1.0, 0.0] [0.843392, 0.0, -0.5373] [47000.0, 4500.0, 32000.0]]
    objLayer:i=0

    props{
    }
  }

  t1_lookup_retreat_point{
    type:t="Point"
    tm:m=[[5478.85, 0.0, 7140.18] [0.0, 9000.0, 0.0] [-7140.18, 0.0, 5478.85] [-47000.0, 4500.0, -47000.0]]
    objLayer:i=0

    props{
    }
  }

  t2_lookup_retreat_point{
    type:t="Point"
    tm:m=[[-5478.85, 0.0, -7140.18] [0.0, 9000.0, 0.0] [7140.18, 0.0, -5478.85] [47000.0, 4500.0, 47000.0]]
    objLayer:i=0

    props{
    }
  }

  t1_lookup_point_01{
    type:t="Point"
    tm:m=[[-0.0436199, 0.0, -0.999048] [0.0, 1.0, 0.0] [0.999048, 0.0, -0.0436199] [18646.0, 3500.0, 41055.7]]
    objLayer:i=0

    props{
    }
  }

  t1_lookup_point_02{
    type:t="Point"
    tm:m=[[-0.0436199, 0.0, -0.999048] [0.0, 1.0, 0.0] [0.999048, 0.0, -0.0436199] [35000.0, 3500.0, 30642.3]]
    objLayer:i=0

    props{
    }
  }

  t1_lookup_point_03{
    type:t="Point"
    tm:m=[[-0.0436199, 0.0, -0.999048] [0.0, 1.0, 0.0] [0.999048, 0.0, -0.0436199] [40000.0, 3500.0, 6074.24]]
    objLayer:i=0

    props{
    }
  }

  t2_lookup_point_01{
    type:t="Point"
    tm:m=[[-0.0436199, 0.0, -0.999048] [0.0, 1.0, 0.0] [0.999048, 0.0, -0.0436199] [-27983.8, 3500.0, -24104.2]]
    objLayer:i=0

    props{
    }
  }

  t2_lookup_point_02{
    type:t="Point"
    tm:m=[[-0.0436199, 0.0, -0.999048] [0.0, 1.0, 0.0] [0.999048, 0.0, -0.0436199] [-19985.9, 3500.0, -35000.0]]
    objLayer:i=0

    props{
    }
  }

  t2_lookup_point_03{
    type:t="Point"
    tm:m=[[-0.0436199, 0.0, -0.999048] [0.0, 1.0, 0.0] [0.999048, 0.0, -0.0436199] [-2734.36, 3500.0, -40000.0]]
    objLayer:i=0

    props{
    }
  }

  t2_lookup_spawn_02{
    type:t="Point"
    tm:m=[[-0.5373, 0.0, -0.843392] [0.0, 1.0, 0.0] [0.843392, 0.0, -0.5373] [17000.0, 4500.0, 47000.0]]
    objLayer:i=0

    props{
    }
  }

  t2_lookup_spawn_03{
    type:t="Point"
    tm:m=[[-0.5373, 0.0, -0.843392] [0.0, 1.0, 0.0] [0.843392, 0.0, -0.5373] [47000.0, 4500.0, 17000.0]]
    objLayer:i=0

    props{
    }
  }

  t1_lookup_spawn_02{
    type:t="Point"
    tm:m=[[0.707107, 0.0, 0.707107] [0.0, 1.0, 0.0] [-0.707107, 0.0, 0.707107] [-47000.0, 4500.0, -17000.0]]
    objLayer:i=0

    props{
    }
  }

  t1_lookup_spawn_03{
    type:t="Point"
    tm:m=[[0.707107, 0.0, 0.707107] [0.0, 1.0, 0.0] [-0.707107, 0.0, 0.707107] [-32000.0, 4500.0, -47500.0]]
    objLayer:i=0

    props{
    }
  }

  t2_lookup_spawn_04{
    type:t="Point"
    tm:m=[[-0.5373, 0.0, -0.843392] [0.0, 1.0, 0.0] [0.843392, 0.0, -0.5373] [32000.0, 4500.0, 47000.0]]
    objLayer:i=0

    props{
    }
  }

  t1_lookup_spawn_04{
    type:t="Point"
    tm:m=[[0.707107, 0.0, 0.707107] [0.0, 1.0, 0.0] [-0.707107, 0.0, 0.707107] [-47000.0, 4500.0, -32000.0]]
    objLayer:i=0

    props{
    }
  }
}

objLayers{

  layer{
    enabled:b=yes
  }

  layer{
    enabled:b=yes
  }

  layer{
    enabled:b=yes
  }

  layer{
    enabled:b=yes
  }
}

wayPoints{
}