selected_tag:t=""
bin_dump_file:t=""

mission_settings{

  player{
    army:i=1
    wing:t=""
  }

  player_teamB{
    army:i=2
    wing:t=""
  }

  mission{
    level:t="levels/berlin.bin"
    type:t="domination"
    environment:t="Day"
    weather:t="hazy"
    deathPenaltyMulRounds:r=0.0

    stars{
      latitude:r=52.5
      longitude:r=13.0
      year:i=1945
      month:i=4
      day:i=2
    }
  }

  spectator_points{
  }
}

imports{

  import_record{
    file:t="gamedata/missions/templates/air_templates/gs/assaults_gs_template.blk"
    importAreas:b=yes
    importUnits:b=yes
    importTriggers:b=yes
    importMissionObjectives:b=yes
    importWayPoints:b=yes
    importDialogs:b=yes
    showAreas:b=yes
    showUnits:b=yes
    showTriggers:b=yes
    showMissionObjectives:b=yes
    showWayPoints:b=yes
    showDialogs:b=yes

    excludes{
    }
  }

  import_record{
    file:t="gamedata/missions/templates/units_sets/plane_sets_assaults/at_t1_ussr_rank_06.blk"
    rankRange:ip2=0, 250
    allowedUnitTypes:t="isAirplanesAllowed"
    importAreas:b=yes
    importUnits:b=yes
    importTriggers:b=yes
    importMissionObjectives:b=yes
    importWayPoints:b=yes
    importDialogs:b=yes
    showAreas:b=yes
    showUnits:b=yes
    showTriggers:b=yes
    showMissionObjectives:b=yes
    showWayPoints:b=yes
    showDialogs:b=yes

    excludes{
    }
  }

  import_record{
    file:t="gamedata/missions/templates/units_sets/plane_sets_assaults/at_t1_ussr_rank_07.blk"
    rankRange:ip2=260, 500
    allowedUnitTypes:t="isAirplanesAllowed"
    importAreas:b=yes
    importUnits:b=yes
    importTriggers:b=yes
    importMissionObjectives:b=yes
    importWayPoints:b=yes
    importDialogs:b=yes
    showAreas:b=yes
    showUnits:b=yes
    showTriggers:b=yes
    showMissionObjectives:b=yes
    showWayPoints:b=yes
    showDialogs:b=yes

    excludes{
    }
  }

  import_record{
    file:t="gamedata/missions/templates/units_sets/plane_sets_assaults/at_t2_usa_rank_06.blk"
    rankRange:ip2=0, 250
    allowedUnitTypes:t="isAirplanesAllowed"
    importAreas:b=yes
    importUnits:b=yes
    importTriggers:b=yes
    importMissionObjectives:b=yes
    importWayPoints:b=yes
    importDialogs:b=yes
    showAreas:b=yes
    showUnits:b=yes
    showTriggers:b=yes
    showMissionObjectives:b=yes
    showWayPoints:b=yes
    showDialogs:b=yes

    excludes{
    }
  }

  import_record{
    file:t="gamedata/missions/templates/units_sets/plane_sets_assaults/at_t2_usa_rank_07.blk"
    rankRange:ip2=260, 500
    allowedUnitTypes:t="isAirplanesAllowed"
    importAreas:b=yes
    importUnits:b=yes
    importTriggers:b=yes
    importMissionObjectives:b=yes
    importWayPoints:b=yes
    importDialogs:b=yes
    showAreas:b=yes
    showUnits:b=yes
    showTriggers:b=yes
    showMissionObjectives:b=yes
    showWayPoints:b=yes
    showDialogs:b=yes

    excludes{
    }
  }
}

triggers{
  isCategory:b=yes
  is_enabled:b=yes
}

mission_objectives{
  isCategory:b=yes
  is_enabled:b=yes
}

variables{
  ai_assaults_saved:i=0
  ft_helicopters_pad_exclusive:b=no
}

dialogs{
}

airfields{
}

effects{
}

units{
}

areas{

  at_area{
    type:t="Sphere"
    tm:m=[[-10120.2, 0.0, -12393.0] [0.0, 16000.0, 0.0] [12393.0, 0.0, -10120.2] [-5624.09, 3558.55, -15998.7]]
    objLayer:i=0

    props{
    }
  }

  at_t2_spawn_01_01{
    type:t="Point"
    tm:m=[[0.751676, 0.0, -0.659536] [0.0, 1.0, 0.0] [0.659536, 0.0, 0.751676] [-12878.4, 3558.55, -12633.8]]
    objLayer:i=0

    props{
    }
  }

  at_t1_spawn_01_01{
    type:t="Point"
    tm:m=[[-0.751676, 0.0, 0.659536] [0.0, 1.0, 0.0] [-0.659536, 0.0, -0.751676] [-1034.88, 3558.54, -22563.8]]
    objLayer:i=0

    props{
    }
  }

  at_t2_spawn_01_02{
    type:t="Point"
    tm:m=[[0.751676, 0.0, -0.659536] [0.0, 1.0, 0.0] [0.659536, 0.0, 0.751676] [-10219.2, 3558.55, -9450.94]]
    objLayer:i=0

    props{
    }
  }

  at_t1_spawn_01_02{
    type:t="Point"
    tm:m=[[-0.751676, 0.0, 0.659536] [0.0, 1.0, 0.0] [-0.659536, 0.0, -0.751676] [1628.43, 3558.54, -19375.1]]
    objLayer:i=0

    props{
    }
  }

  at_t1_spawn_02_01{
    type:t="Point"
    tm:m=[[-0.751676, 0.0, 0.659536] [0.0, 1.0, 0.0] [-0.659536, 0.0, -0.751676] [2241.34, 3558.54, -17443.8]]
    objLayer:i=0

    props{
    }
  }

  at_t1_spawn_02_02{
    type:t="Point"
    tm:m=[[-0.751676, 0.0, 0.659536] [0.0, 1.0, 0.0] [-0.659536, 0.0, -0.751676] [-2786.58, 3558.55, -23477.5]]
    objLayer:i=0

    props{
    }
  }

  at_t2_spawn_02_01{
    type:t="Point"
    tm:m=[[0.751676, 0.0, -0.659536] [0.0, 1.0, 0.0] [0.659536, 0.0, 0.751676] [-8253.73, 3558.56, -8276.85]]
    objLayer:i=0

    props{
    }
  }

  at_t2_spawn_02_02{
    type:t="Point"
    tm:m=[[0.751676, 0.0, -0.659536] [0.0, 1.0, 0.0] [0.659536, 0.0, 0.751676] [-13478.3, 3558.56, -14579.4]]
    objLayer:i=0

    props{
    }
  }
}

objLayers{
}

wayPoints{
}