selected_tag:t=""
bin_dump_file:t=""

mission_settings{

  player{
    army:i=1
    wing:t=""
  }

  player_teamB{
    army:i=2
    wing:t=""
  }

  mission{
    level:t="levels/berlin.bin"
    type:t="domination"
    environment:t="Day"
    weather:t="hazy"
    deathPenaltyMulRounds:r=0.0

    stars{
      latitude:r=52.5
      longitude:r=13.0
      year:i=1945
      month:i=4
      day:i=2
    }
  }

  spectator_points{
  }
}

imports{

  import_record{
    file:t="gameData/missions/templates/air_templates/gs/assaults_gs_template.blk"
    importAreas:b=yes
    importUnits:b=yes
    importTriggers:b=yes
    importMissionObjectives:b=yes
    importWayPoints:b=yes
    showAreas:b=yes
    showUnits:b=yes
    showTriggers:b=yes
    showMissionObjectives:b=yes
    showWayPoints:b=yes

    excludes{
    }
  }
}

triggers{
  isCategory:b=yes
  is_enabled:b=yes
}

mission_objectives{
  isCategory:b=yes
  is_enabled:b=yes
}

variables{
  ai_assaults_saved:i=0
  ft_helicopters_pad_exclusive:b=no
}

dialogs{
}

airfields{
}

effects{
}

units{
}

areas{

  at_area{
    type:t="Sphere"
    tm:m=[[5182.69, 0.0, -15137.4] [0.0, 16000.0, 0.0] [15137.4, 0.0, 5182.69] [-15000.0, 500.006, -4000.0]]
    objLayer:i=0

    props{
    }
  }

  at_t2_spawn_01_01{
    type:t="Point"
    tm:m=[[0.953194, 0.0, 0.302365] [0.0, 1.0, 0.0] [-0.302365, 0.0, 0.953194] [-21631.1, 500.006, -8469.45]]
    objLayer:i=0

    props{
    }
  }

  at_t1_spawn_01_01{
    type:t="Point"
    tm:m=[[-0.953194, 0.0, -0.302365] [0.0, 1.0, 0.0] [0.302365, 0.0, -0.953194] [-7007.68, 499.996, -3466.51]]
    objLayer:i=0

    props{
    }
  }

  at_t2_spawn_01_02{
    type:t="Point"
    tm:m=[[0.953194, 0.0, 0.302365] [0.0, 1.0, 0.0] [-0.302365, 0.0, 0.953194] [-22980.5, 500.006, -4547.54]]
    objLayer:i=0

    props{
    }
  }

  at_t1_spawn_01_02{
    type:t="Point"
    tm:m=[[-0.953194, 0.0, -0.302365] [0.0, 1.0, 0.0] [0.302365, 0.0, -0.953194] [-8359.87, 499.997, 461.903]]
    objLayer:i=0

    props{
    }
  }

  at_t2_spawn_02_01{
    type:t="Point"
    tm:m=[[0.953194, 0.0, 0.302365] [0.0, 1.0, 0.0] [-0.302365, 0.0, 0.953194] [-22801.1, 500.007, -2508.79]]
    objLayer:i=0

    props{
    }
  }

  at_t2_spawn_02_02{
    type:t="Point"
    tm:m=[[0.953194, 0.0, 0.302365] [0.0, 1.0, 0.0] [-0.302365, 0.0, 0.953194] [-20116.9, 500.007, -10284.5]]
    objLayer:i=0

    props{
    }
  }

  at_t1_spawn_02_01{
    type:t="Point"
    tm:m=[[-0.953194, 0.0, -0.302365] [0.0, 1.0, 0.0] [0.302365, 0.0, -0.953194] [-9786.02, 499.998, 2090.49]]
    objLayer:i=0

    props{
    }
  }

  at_t1_spawn_02_02{
    type:t="Point"
    tm:m=[[-0.953194, 0.0, -0.302365] [0.0, 1.0, 0.0] [0.302365, 0.0, -0.953194] [-7071.67, 499.991, -5724.75]]
    objLayer:i=0

    props{
    }
  }
}

objLayers{
}

wayPoints{
}