selected_tag:t=""
bin_dump_file:t=""

mission_settings{

  player{
    army:i=1
    wing:t="t1_player01"
    wing:t="t1_player02"
    wing:t="t1_player03"
    wing:t="t1_player04"
    wing:t="t1_player05"
    wing:t="t1_player06"
    wing:t="t1_player07"
    wing:t="t1_player08"
    wing:t="t1_player09"
    wing:t="t1_player10"
    wing:t="t1_player11"
    wing:t="t1_player12"
    wing:t="t1_player13"
    wing:t="t1_player14"
    wing:t="t1_player15"
    wing:t="t1_player16"
    wing:t="t1_player17"
    wing:t="t1_player18"
    wing:t="t1_player19"
    wing:t="t1_player20"
    wing:t="t1_player21"
    wing:t="t1_player22"
    wing:t="t1_player23"
    wing:t="t1_player24"
    wing:t="t1_player25"
    wing:t="t1_player26"
    wing:t="t1_player27"
    wing:t="t1_player28"
    wing:t="t1_player29"
    wing:t="t1_player30"
    wing:t="t1_player31"
    wing:t="t1_player32"
  }

  player_teamB{
    army:i=2
    wing:t="t2_player01"
    wing:t="t2_player02"
    wing:t="t2_player03"
    wing:t="t2_player04"
    wing:t="t2_player05"
    wing:t="t2_player06"
    wing:t="t2_player07"
    wing:t="t2_player08"
    wing:t="t2_player09"
    wing:t="t2_player10"
    wing:t="t2_player11"
    wing:t="t2_player12"
    wing:t="t2_player13"
    wing:t="t2_player14"
    wing:t="t2_player15"
    wing:t="t2_player16"
    wing:t="t2_player17"
    wing:t="t2_player18"
    wing:t="t2_player19"
    wing:t="t2_player20"
    wing:t="t2_player21"
    wing:t="t2_player22"
    wing:t="t2_player23"
    wing:t="t2_player24"
    wing:t="t2_player25"
    wing:t="t2_player26"
    wing:t="t2_player27"
    wing:t="t2_player28"
    wing:t="t2_player29"
    wing:t="t2_player30"
    wing:t="t2_player31"
    wing:t="t2_player32"
    wing:t="t2_player33"
  }

  mission{
    level:t="levels/avg_hurtgen.bin"
    type:t="domination"
    environment:t="Day"
    weather:t="hazy"
    locName:t="missions/_ADBttlB;hurtgen/name"
    locDesc:t="missions/_ADBttl/desc"
    scoreLimit:i=6000
    timeLimit:i=25
    deathPenaltyMul:r=0.0
    postfix:t="_aadefb"
    ctaCaptureZoneEqualPenaltyMul:r=0.0
    useAlternativeMapCoord:b=no
    allowedKillStreaks:b=yes
    randomSpawnTeams:b=no
    remapAiTankModels:b=yes
    showTacticalMapCellSize:b=yes
    timeLimitWarn:i=3600
    country_axis:t="germany"
    country_allies:t="ussr"
    restoreType:t="attempts"
    optionalTakeOff:b=no

    allowedUnitTypes{
      isAirplanesAllowed:b=yes
      isTanksAllowed:b=yes
      isShipsAllowed:b=no
      isHelicoptersAllowed:b=yes
    }
  }

  briefing{
    place_loc:t=""
    date_loc:t=""
    objective_loc:t=""
    music:t="action_01"

    part{
      event:t=""
      minTime:i=0

      slide{
        map:b=yes
        minTime:i=4
        picture:t=""
        showAirMap:b=no

        icon{
          icontype:t="tank"
          side:t="enemy"
          target:t="briefing_aadef_t2_spawn_01"
        }

        icon{
          icontype:t="tank"
          side:t="enemy"
          target:t="briefing_aadef_t2_spawn_02"
        }

        icon{
          icontype:t="mark"
          side:t="enemy"
          target:t="briefing_aadef_ai_target_01"
        }

        icon{
          icontype:t="mark"
          side:t="enemy"
          target:t="briefing_aadef_ai_target_02"
        }

        icon{
          icontype:t="mark"
          side:t="enemy"
          target:t="briefing_aadef_ai_target_03"
        }

        icon{
          icontype:t="bomber"
          side:t="ally"
          target:t="t1_briefing_airspawn"
          lookAt:t="briefing_aadef_ai_target_01"
        }

        icon{
          icontype:t="fighter"
          side:t="enemy"
          target:t="t2_briefing_airspawn"
          lookAt:t="t1_briefing_airspawn"
        }

        battleArea{
          target:t="aadef_battle_area"
        }
      }
    }
  }
}

imports{

  import_record{
    file:t="gameData/missions/templates/tank_templates/tank_base_logic_template.blk"
    importAreas:b=yes
    importUnits:b=yes
    importTriggers:b=yes
    importMissionObjectives:b=yes
    importWayPoints:b=yes
    showAreas:b=yes
    showUnits:b=yes
    showTriggers:b=yes
    showMissionObjectives:b=yes
    showWayPoints:b=yes

    excludes{
    }
  }

  import_record{
    file:t="gameData/missions/cta/tanks/hurtgen/template_hurtgen_air_spawns.blk"
    importAreas:b=yes
    importUnits:b=yes
    importTriggers:b=yes
    importMissionObjectives:b=yes
    importWayPoints:b=yes
    showAreas:b=yes
    showUnits:b=yes
    showTriggers:b=yes
    showMissionObjectives:b=yes
    showWayPoints:b=yes

    excludes{
    }
  }

  import_record{
    file:t="gameData/missions/templates/ww_no_attackers_template.blk"
    importAreas:b=yes
    importUnits:b=yes
    importTriggers:b=yes
    importMissionObjectives:b=yes
    importWayPoints:b=yes
    showAreas:b=yes
    showUnits:b=yes
    showTriggers:b=yes
    showMissionObjectives:b=yes
    showWayPoints:b=yes

    excludes{
    }
  }

  import_record{
    file:t="gameData/missions/cta/tanks/hurtgen/mainareas/template_hurtgen_aadefb.blk"
    importAreas:b=yes
    importUnits:b=yes
    importTriggers:b=yes
    importMissionObjectives:b=yes
    importWayPoints:b=yes
    showAreas:b=yes
    showUnits:b=yes
    showTriggers:b=yes
    showMissionObjectives:b=yes
    showWayPoints:b=yes

    excludes{
    }
  }

  import_record{
    file:t="gameData/missions/templates/tank_templates/aadef_template.blk"
    importAreas:b=yes
    importUnits:b=yes
    importTriggers:b=yes
    importMissionObjectives:b=yes
    importWayPoints:b=yes
    showAreas:b=yes
    showUnits:b=yes
    showTriggers:b=yes
    showMissionObjectives:b=yes
    showWayPoints:b=yes

    excludes{
    }
  }
}

triggers{
  isCategory:b=yes
  is_enabled:b=yes
}

mission_objectives{
  isCategory:b=yes
  is_enabled:b=yes
}

variables{
  defenseMissionTeam:t="teamB"
}

dialogs{
}

airfields{
}

effects{
}

units{
}

areas{

  briefing_aadef_t2_spawn_01{
    type:t="Point"
    tm:m=[[-0.766044, 0.0, -0.642788] [0.0, 1.0, 0.0] [0.642788, 0.0, -0.766044] [2448.57, 35.8884, 2802.96]]
    objLayer:i=0

    props{
    }
  }

  briefing_aadef_t2_spawn_02{
    type:t="Point"
    tm:m=[[-0.766044, 0.0, -0.642788] [0.0, 1.0, 0.0] [0.642788, 0.0, -0.766044] [2448.86, 41.0036, 2217.44]]
    objLayer:i=0

    props{
    }
  }

  t2_briefing_airspawn{
    type:t="Point"
    tm:m=[[-0.186653, 0.0, -0.982426] [0.0, 1.0, 0.0] [0.982426, 0.0, -0.186653] [2715.19, 292.324, 1678.69]]
    objLayer:i=0

    props{
    }
  }

  t1_briefing_airspawn{
    type:t="Point"
    tm:m=[[-0.198457, 0.0, 0.98011] [0.0, 1.0, 0.0] [-0.98011, 0.0, -0.198457] [1121.52, 296.38, 2977.33]]
    objLayer:i=0

    props{
    }
  }

  briefing_aadef_ai_target_01{
    type:t="Point"
    tm:m=[[-0.819152, 5.84772e-08, 0.573577] [8.80134e-08, -1.0, 1.74846e-07] [0.573577, 2.23171e-07, 0.819152] [2138.37, 243.808, 2017.46]]
    objLayer:i=0

    props{
    }
  }

  briefing_aadef_ai_target_02{
    type:t="Point"
    tm:m=[[-0.819152, 5.84772e-08, 0.573577] [8.80134e-08, -1.0, 1.74846e-07] [0.573577, 2.23171e-07, 0.819152] [1934.72, 206.036, 2351.86]]
    objLayer:i=0

    props{
    }
  }

  briefing_aadef_ai_target_03{
    type:t="Point"
    tm:m=[[-0.819152, 5.84772e-08, 0.573577] [8.80134e-08, -1.0, 1.74846e-07] [0.573577, 2.23171e-07, 0.819152] [2042.44, 243.81, 2815.36]]
    objLayer:i=0

    props{
    }
  }

  aadef_battle_area{
    type:t="Box"
    tm:m=[[1800.0, 0.0, 0.0] [0.0, 500.0, 0.0] [0.0, 0.0, 1800.0] [1918.15, 283.048, 2365.61]]
    objLayer:i=4

    props{
    }
  }
}

objLayers{

  layer{
    enabled:b=yes
  }

  layer{
    enabled:b=yes
  }

  layer{
    enabled:b=yes
  }

  layer{
    enabled:b=yes
  }
}

wayPoints{
}