selected_tag:t=""
bin_dump_file:t=""

mission_settings{

  player{
    army:i=1
  }

  player_teamB{
    army:i=2
  }

  mission{
    type:t="domination"
    level:t="levels/air_kamchatka.bin"
    environment:t="Day"
    weather:t="hazy"

    allowedUnitTypes{
      isAirplanesAllowed:b=no
      isTanksAllowed:b=no
      isShipsAllowed:b=no
      isHelicoptersAllowed:b=no
    }
  }
}

imports{
}

triggers{
  isCategory:b=yes
  is_enabled:b=yes
}

mission_objectives{
  isCategory:b=yes
  is_enabled:b=yes
}

variables{
}

dialogs{
}

airfields{
}

effects{
}

units{

  objectGroups{
    name:t="t1_airfield_top"
    tm:m=[[0.998899, 0.0, 0.0469156] [0.0, 1.0, 0.0] [-0.0469156, 0.0, 0.998899] [29945.9, 419.904, 22169.8]]
    unit_class:t="dynaf_pg_1line_3000_universal"
    objLayer:i=2

    props{
      army:i=1
      active:b=yes
    }
  }

  objectGroups{
    name:t="t2_airfield_top"
    tm:m=[[-0.940704, 0.0, -0.339229] [0.0, 1.0, 0.0] [0.339229, 0.0, -0.940704] [-55665.9, 561.915, 2069.61]]
    unit_class:t="dynaf_pg_1line_3000_universal"
    objLayer:i=2

    props{
      army:i=2
      active:b=yes
    }
  }

  tankModels{
    name:t="t1_aaa_top_light_01"
    tm:m=[[-0.133798, 0.0, 0.991008] [0.0, 1.0, 0.0] [-0.991008, 0.0, -0.133798] [28684.9, 566.334, 21438.5]]
    unit_class:t="germ_flakpz_I_Gepard"
    objLayer:i=1
    closed_waypoints:b=no
    isShipSpline:b=no
    shipTurnRadius:r=100.0
    weapons:t=""
    bullets0:t=""
    bullets1:t=""
    bullets2:t=""
    bullets3:t=""
    bulletsCount0:i=0
    bulletsCount1:i=0
    bulletsCount2:i=0
    bulletsCount3:i=0
    crewSkillK:r=0.0
    applyAllMods:b=no

    props{
      army:i=1
      count:i=1
      formation_type:t="rows"
      formation_div:i=3
      formation_step:p2=2.5, 2.0
      formation_noise:p2=0.1, 0.1
      uniqueName:t=""
      attack_type:t="fire_at_will"
    }

    way{
    }
  }

  tankModels{
    name:t="t1_aaa_top_light_02"
    tm:m=[[-0.133798, 0.0, 0.991008] [0.0, 1.0, 0.0] [-0.991008, 0.0, -0.133798] [30038.8, 575.832, 22543.4]]
    unit_class:t="germ_flakpz_I_Gepard"
    objLayer:i=1
    closed_waypoints:b=no
    isShipSpline:b=no
    shipTurnRadius:r=100.0
    weapons:t=""
    bullets0:t=""
    bullets1:t=""
    bullets2:t=""
    bullets3:t=""
    bulletsCount0:i=0
    bulletsCount1:i=0
    bulletsCount2:i=0
    bulletsCount3:i=0
    crewSkillK:r=0.0
    applyAllMods:b=no

    props{
      army:i=1
      count:i=1
      formation_type:t="rows"
      formation_div:i=3
      formation_step:p2=2.5, 2.0
      formation_noise:p2=0.1, 0.1
      uniqueName:t=""
      attack_type:t="fire_at_will"
    }

    way{
    }
  }

  tankModels{
    name:t="t1_aaa_top_light_03"
    tm:m=[[-0.133798, 0.0, 0.991008] [0.0, 1.0, 0.0] [-0.991008, 0.0, -0.133798] [31015.0, 623.582, 22572.7]]
    unit_class:t="germ_flakpz_I_Gepard"
    objLayer:i=1
    closed_waypoints:b=no
    isShipSpline:b=no
    shipTurnRadius:r=100.0
    weapons:t=""
    bullets0:t=""
    bullets1:t=""
    bullets2:t=""
    bullets3:t=""
    bulletsCount0:i=0
    bulletsCount1:i=0
    bulletsCount2:i=0
    bulletsCount3:i=0
    crewSkillK:r=0.0
    applyAllMods:b=no

    props{
      army:i=1
      count:i=1
      formation_type:t="rows"
      formation_div:i=3
      formation_step:p2=2.5, 2.0
      formation_noise:p2=0.1, 0.1
      uniqueName:t=""
      attack_type:t="fire_at_will"
    }

    way{
    }
  }

  tankModels{
    name:t="t1_aaa_top_light_04"
    tm:m=[[-0.133798, 0.0, 0.991008] [0.0, 1.0, 0.0] [-0.991008, 0.0, -0.133798] [31496.6, 648.782, 21483.1]]
    unit_class:t="germ_flakpz_I_Gepard"
    objLayer:i=1
    closed_waypoints:b=no
    isShipSpline:b=no
    shipTurnRadius:r=100.0
    weapons:t=""
    bullets0:t=""
    bullets1:t=""
    bullets2:t=""
    bullets3:t=""
    bulletsCount0:i=0
    bulletsCount1:i=0
    bulletsCount2:i=0
    bulletsCount3:i=0
    crewSkillK:r=0.0
    applyAllMods:b=no

    props{
      army:i=1
      count:i=1
      formation_type:t="rows"
      formation_div:i=3
      formation_step:p2=2.5, 2.0
      formation_noise:p2=0.1, 0.1
      uniqueName:t=""
      attack_type:t="fire_at_will"
    }

    way{
    }
  }

  tankModels{
    name:t="t1_aaa_top_heavy_01"
    tm:m=[[-0.133798, 0.0, 0.991008] [0.0, 1.0, 0.0] [-0.991008, 0.0, -0.133798] [28496.9, 552.931, 22494.1]]
    unit_class:t="fr_amx_30_roland"
    objLayer:i=1
    closed_waypoints:b=no
    isShipSpline:b=no
    shipTurnRadius:r=100.0
    weapons:t=""
    bullets0:t=""
    bullets1:t=""
    bullets2:t=""
    bullets3:t=""
    bulletsCount0:i=0
    bulletsCount1:i=0
    bulletsCount2:i=0
    bulletsCount3:i=0
    crewSkillK:r=0.0
    applyAllMods:b=no

    props{
      army:i=1
      count:i=1
      formation_type:t="rows"
      formation_div:i=3
      formation_step:p2=2.5, 2.0
      formation_noise:p2=0.1, 0.1
      uniqueName:t=""
      attack_type:t="fire_at_will"
    }

    way{
    }
  }

  tankModels{
    name:t="t1_aaa_top_heavy_02"
    tm:m=[[-0.133798, 0.0, 0.991008] [0.0, 1.0, 0.0] [-0.991008, 0.0, -0.133798] [30563.6, 600.832, 21321.0]]
    unit_class:t="fr_amx_30_roland"
    objLayer:i=1
    closed_waypoints:b=no
    isShipSpline:b=no
    shipTurnRadius:r=100.0
    weapons:t=""
    bullets0:t=""
    bullets1:t=""
    bullets2:t=""
    bullets3:t=""
    bulletsCount0:i=0
    bulletsCount1:i=0
    bulletsCount2:i=0
    bulletsCount3:i=0
    crewSkillK:r=0.0
    applyAllMods:b=no

    props{
      army:i=1
      count:i=1
      formation_type:t="rows"
      formation_div:i=3
      formation_step:p2=2.5, 2.0
      formation_noise:p2=0.1, 0.1
      uniqueName:t=""
      attack_type:t="fire_at_will"
    }

    way{
    }
  }

  tankModels{
    name:t="t2_aaa_top_light_01"
    tm:m=[[-0.127577, 0.0, 0.991828] [0.0, 1.0, 0.0] [-0.991828, 0.0, -0.127577] [-57144.5, 714.782, 2101.52]]
    unit_class:t="germ_flakpz_I_Gepard"
    objLayer:i=1
    closed_waypoints:b=no
    isShipSpline:b=no
    shipTurnRadius:r=100.0
    weapons:t=""
    bullets0:t=""
    bullets1:t=""
    bullets2:t=""
    bullets3:t=""
    bulletsCount0:i=0
    bulletsCount1:i=0
    bulletsCount2:i=0
    bulletsCount3:i=0
    crewSkillK:r=0.0
    applyAllMods:b=no

    props{
      army:i=2
      count:i=1
      formation_type:t="rows"
      formation_div:i=3
      formation_step:p2=2.5, 2.0
      formation_noise:p2=0.1, 0.1
      uniqueName:t=""
      attack_type:t="fire_at_will"
    }

    way{
    }
  }

  tankModels{
    name:t="t2_aaa_top_light_02"
    tm:m=[[-0.127577, 0.0, 0.991828] [0.0, 1.0, 0.0] [-0.991828, 0.0, -0.127577] [-55230.3, 714.782, 1533.14]]
    unit_class:t="germ_flakpz_I_Gepard"
    objLayer:i=1
    closed_waypoints:b=no
    isShipSpline:b=no
    shipTurnRadius:r=100.0
    weapons:t=""
    bullets0:t=""
    bullets1:t=""
    bullets2:t=""
    bullets3:t=""
    bulletsCount0:i=0
    bulletsCount1:i=0
    bulletsCount2:i=0
    bulletsCount3:i=0
    crewSkillK:r=0.0
    applyAllMods:b=no

    props{
      army:i=2
      count:i=1
      formation_type:t="rows"
      formation_div:i=3
      formation_step:p2=2.5, 2.0
      formation_noise:p2=0.1, 0.1
      uniqueName:t=""
      attack_type:t="fire_at_will"
    }

    way{
    }
  }

  tankModels{
    name:t="t2_aaa_top_light_03"
    tm:m=[[-0.127577, 0.0, 0.991828] [0.0, 1.0, 0.0] [-0.991828, 0.0, -0.127577] [-57154.8, 714.785, 968.151]]
    unit_class:t="germ_flakpz_I_Gepard"
    objLayer:i=1
    closed_waypoints:b=no
    isShipSpline:b=no
    shipTurnRadius:r=100.0
    weapons:t=""
    bullets0:t=""
    bullets1:t=""
    bullets2:t=""
    bullets3:t=""
    bulletsCount0:i=0
    bulletsCount1:i=0
    bulletsCount2:i=0
    bulletsCount3:i=0
    crewSkillK:r=0.0
    applyAllMods:b=no

    props{
      army:i=2
      count:i=1
      formation_type:t="rows"
      formation_div:i=3
      formation_step:p2=2.5, 2.0
      formation_noise:p2=0.1, 0.1
      uniqueName:t=""
      attack_type:t="fire_at_will"
    }

    way{
    }
  }

  tankModels{
    name:t="t2_aaa_top_light_04"
    tm:m=[[-0.127577, 0.0, 0.991828] [0.0, 1.0, 0.0] [-0.991828, 0.0, -0.127577] [-55109.8, 714.782, 2884.86]]
    unit_class:t="germ_flakpz_I_Gepard"
    objLayer:i=1
    closed_waypoints:b=no
    isShipSpline:b=no
    shipTurnRadius:r=100.0
    weapons:t=""
    bullets0:t=""
    bullets1:t=""
    bullets2:t=""
    bullets3:t=""
    bulletsCount0:i=0
    bulletsCount1:i=0
    bulletsCount2:i=0
    bulletsCount3:i=0
    crewSkillK:r=0.0
    applyAllMods:b=no

    props{
      army:i=2
      count:i=1
      formation_type:t="rows"
      formation_div:i=3
      formation_step:p2=2.5, 2.0
      formation_noise:p2=0.1, 0.1
      uniqueName:t=""
      attack_type:t="fire_at_will"
    }

    way{
    }
  }

  tankModels{
    name:t="t2_aaa_top_heavy_01"
    tm:m=[[-0.127577, 0.0, 0.991828] [0.0, 1.0, 0.0] [-0.991828, 0.0, -0.127577] [-54524.7, 714.782, 1841.77]]
    unit_class:t="fr_amx_30_roland"
    objLayer:i=1
    closed_waypoints:b=no
    isShipSpline:b=no
    shipTurnRadius:r=100.0
    weapons:t=""
    bullets0:t=""
    bullets1:t=""
    bullets2:t=""
    bullets3:t=""
    bulletsCount0:i=0
    bulletsCount1:i=0
    bulletsCount2:i=0
    bulletsCount3:i=0
    crewSkillK:r=0.0
    applyAllMods:b=no

    props{
      army:i=2
      count:i=1
      formation_type:t="rows"
      formation_div:i=3
      formation_step:p2=2.5, 2.0
      formation_noise:p2=0.1, 0.1
      uniqueName:t=""
      attack_type:t="fire_at_will"
    }

    way{
    }
  }

  tankModels{
    name:t="t2_aaa_top_heavy_02"
    tm:m=[[-0.127577, 0.0, 0.991828] [0.0, 1.0, 0.0] [-0.991828, 0.0, -0.127577] [-56137.9, 714.782, 2669.57]]
    unit_class:t="fr_amx_30_roland"
    objLayer:i=1
    closed_waypoints:b=no
    isShipSpline:b=no
    shipTurnRadius:r=100.0
    weapons:t=""
    bullets0:t=""
    bullets1:t=""
    bullets2:t=""
    bullets3:t=""
    bulletsCount0:i=0
    bulletsCount1:i=0
    bulletsCount2:i=0
    bulletsCount3:i=0
    crewSkillK:r=0.0
    applyAllMods:b=no

    props{
      army:i=2
      count:i=1
      formation_type:t="rows"
      formation_div:i=3
      formation_step:p2=2.5, 2.0
      formation_noise:p2=0.1, 0.1
      uniqueName:t=""
      attack_type:t="fire_at_will"
    }

    way{
    }
  }

  tankModels{
    name:t="t1_aaa_top_light_05"
    tm:m=[[-0.133798, 0.0, 0.991008] [0.0, 1.0, 0.0] [-0.991008, 0.0, -0.133798] [33253.0, 591.98, 23067.9]]
    unit_class:t="germ_flakpz_I_Gepard"
    objLayer:i=1
    closed_waypoints:b=no
    isShipSpline:b=no
    shipTurnRadius:r=100.0
    weapons:t=""
    bullets0:t=""
    bullets1:t=""
    bullets2:t=""
    bullets3:t=""
    bulletsCount0:i=0
    bulletsCount1:i=0
    bulletsCount2:i=0
    bulletsCount3:i=0
    crewSkillK:r=0.0
    applyAllMods:b=no

    props{
      army:i=1
      count:i=1
      formation_type:t="rows"
      formation_div:i=3
      formation_step:p2=2.5, 2.0
      formation_noise:p2=0.1, 0.1
      uniqueName:t=""
      attack_type:t="fire_at_will"
    }

    way{
    }
  }

  tankModels{
    name:t="t1_aaa_top_light_06"
    tm:m=[[-0.921087, 0.0, 0.389353] [0.0, 1.0, 0.0] [-0.389353, 0.0, -0.921087] [33096.8, 1324.83, 23504.4]]
    unit_class:t="germ_flakpz_I_Gepard"
    objLayer:i=1
    closed_waypoints:b=no
    isShipSpline:b=no
    shipTurnRadius:r=100.0
    weapons:t=""
    bullets0:t=""
    bullets1:t=""
    bullets2:t=""
    bullets3:t=""
    bulletsCount0:i=0
    bulletsCount1:i=0
    bulletsCount2:i=0
    bulletsCount3:i=0
    crewSkillK:r=0.0
    applyAllMods:b=no

    props{
      army:i=1
      count:i=1
      formation_type:t="rows"
      formation_div:i=3
      formation_step:p2=2.5, 2.0
      formation_noise:p2=0.1, 0.1
      uniqueName:t=""
      attack_type:t="fire_at_will"
    }

    way{
    }
  }

  tankModels{
    name:t="t1_aaa_top_light_07"
    tm:m=[[-0.921087, 0.0, 0.389353] [0.0, 1.0, 0.0] [-0.389353, 0.0, -0.921087] [29937.9, 1324.83, 23438.1]]
    unit_class:t="germ_flakpz_I_Gepard"
    objLayer:i=1
    closed_waypoints:b=no
    isShipSpline:b=no
    shipTurnRadius:r=100.0
    weapons:t=""
    bullets0:t=""
    bullets1:t=""
    bullets2:t=""
    bullets3:t=""
    bulletsCount0:i=0
    bulletsCount1:i=0
    bulletsCount2:i=0
    bulletsCount3:i=0
    crewSkillK:r=0.0
    applyAllMods:b=no

    props{
      army:i=1
      count:i=1
      formation_type:t="rows"
      formation_div:i=3
      formation_step:p2=2.5, 2.0
      formation_noise:p2=0.1, 0.1
      uniqueName:t=""
      attack_type:t="fire_at_will"
    }

    way{
    }
  }

  tankModels{
    name:t="t1_aaa_top_light_08"
    tm:m=[[-0.133798, 0.0, 0.991008] [0.0, 1.0, 0.0] [-0.991008, 0.0, -0.133798] [33343.0, 591.98, 21881.7]]
    unit_class:t="germ_flakpz_I_Gepard"
    objLayer:i=1
    closed_waypoints:b=no
    isShipSpline:b=no
    shipTurnRadius:r=100.0
    weapons:t=""
    bullets0:t=""
    bullets1:t=""
    bullets2:t=""
    bullets3:t=""
    bulletsCount0:i=0
    bulletsCount1:i=0
    bulletsCount2:i=0
    bulletsCount3:i=0
    crewSkillK:r=0.0
    applyAllMods:b=no

    props{
      army:i=1
      count:i=1
      formation_type:t="rows"
      formation_div:i=3
      formation_step:p2=2.5, 2.0
      formation_noise:p2=0.1, 0.1
      uniqueName:t=""
      attack_type:t="fire_at_will"
    }

    way{
    }
  }

  tankModels{
    name:t="t2_aaa_top_light_05"
    tm:m=[[-0.127577, 0.0, 0.991828] [0.0, 1.0, 0.0] [-0.991828, 0.0, -0.127577] [-53530.1, 674.93, 1874.41]]
    unit_class:t="germ_flakpz_I_Gepard"
    objLayer:i=1
    closed_waypoints:b=no
    isShipSpline:b=no
    shipTurnRadius:r=100.0
    weapons:t=""
    bullets0:t=""
    bullets1:t=""
    bullets2:t=""
    bullets3:t=""
    bulletsCount0:i=0
    bulletsCount1:i=0
    bulletsCount2:i=0
    bulletsCount3:i=0
    crewSkillK:r=0.0
    applyAllMods:b=no

    props{
      army:i=2
      count:i=1
      formation_type:t="rows"
      formation_div:i=3
      formation_step:p2=2.5, 2.0
      formation_noise:p2=0.1, 0.1
      uniqueName:t=""
      attack_type:t="fire_at_will"
    }

    way{
    }
  }

  tankModels{
    name:t="t2_aaa_top_light_06"
    tm:m=[[-0.127577, 0.0, 0.991828] [0.0, 1.0, 0.0] [-0.991828, 0.0, -0.127577] [-58000.9, 642.634, 2046.89]]
    unit_class:t="germ_flakpz_I_Gepard"
    objLayer:i=1
    closed_waypoints:b=no
    isShipSpline:b=no
    shipTurnRadius:r=100.0
    weapons:t=""
    bullets0:t=""
    bullets1:t=""
    bullets2:t=""
    bullets3:t=""
    bulletsCount0:i=0
    bulletsCount1:i=0
    bulletsCount2:i=0
    bulletsCount3:i=0
    crewSkillK:r=0.0
    applyAllMods:b=no

    props{
      army:i=2
      count:i=1
      formation_type:t="rows"
      formation_div:i=3
      formation_step:p2=2.5, 2.0
      formation_noise:p2=0.1, 0.1
      uniqueName:t=""
      attack_type:t="fire_at_will"
    }

    way{
    }
  }

  tankModels{
    name:t="t2_aaa_top_light_07"
    tm:m=[[-0.127577, 0.0, 0.991828] [0.0, 1.0, 0.0] [-0.991828, 0.0, -0.127577] [-58049.3, 614.307, 901.595]]
    unit_class:t="germ_flakpz_I_Gepard"
    objLayer:i=1
    closed_waypoints:b=no
    isShipSpline:b=no
    shipTurnRadius:r=100.0
    weapons:t=""
    bullets0:t=""
    bullets1:t=""
    bullets2:t=""
    bullets3:t=""
    bulletsCount0:i=0
    bulletsCount1:i=0
    bulletsCount2:i=0
    bulletsCount3:i=0
    crewSkillK:r=0.0
    applyAllMods:b=no

    props{
      army:i=2
      count:i=1
      formation_type:t="rows"
      formation_div:i=3
      formation_step:p2=2.5, 2.0
      formation_noise:p2=0.1, 0.1
      uniqueName:t=""
      attack_type:t="fire_at_will"
    }

    way{
    }
  }

  tankModels{
    name:t="t2_aaa_top_light_08"
    tm:m=[[-0.127577, 0.0, 0.991828] [0.0, 1.0, 0.0] [-0.991828, 0.0, -0.127577] [-55391.6, 592.519, 502.683]]
    unit_class:t="germ_flakpz_I_Gepard"
    objLayer:i=1
    closed_waypoints:b=no
    isShipSpline:b=no
    shipTurnRadius:r=100.0
    weapons:t=""
    bullets0:t=""
    bullets1:t=""
    bullets2:t=""
    bullets3:t=""
    bulletsCount0:i=0
    bulletsCount1:i=0
    bulletsCount2:i=0
    bulletsCount3:i=0
    crewSkillK:r=0.0
    applyAllMods:b=no

    props{
      army:i=2
      count:i=1
      formation_type:t="rows"
      formation_div:i=3
      formation_step:p2=2.5, 2.0
      formation_noise:p2=0.1, 0.1
      uniqueName:t=""
      attack_type:t="fire_at_will"
    }

    way{
    }
  }

  squad{
    name:t="t1_def_aaa_top_squad"
    tm:m=[[-0.133798, 0.0, 0.991008] [0.0, 1.0, 0.0] [-0.991008, 0.0, -0.133798] [30670.2, 733.121, 23752.1]]

    props{
      squad_members:t="t1_aaa_top_light_01"
      squad_members:t="t1_aaa_top_light_02"
      squad_members:t="t1_aaa_top_light_03"
      squad_members:t="t1_aaa_top_light_04"
      squad_members:t="t1_aaa_top_heavy_01"
      squad_members:t="t1_aaa_top_heavy_02"
      squad_members:t="t1_aaa_top_light_05"
      squad_members:t="t1_aaa_top_light_06"
      squad_members:t="t1_aaa_top_light_07"
      squad_members:t="t1_aaa_top_light_08"
    }
  }

  squad{
    name:t="t2_def_aaa_top_squad"
    tm:m=[[-0.294428, 0.0, 0.955674] [0.0, 1.0, 0.0] [-0.955674, 0.0, -0.294428] [-60969.5, 753.993, 24642.1]]

    props{
      squad_members:t="t2_aaa_top_light_01"
      squad_members:t="t2_aaa_top_light_02"
      squad_members:t="t2_aaa_top_light_03"
      squad_members:t="t2_aaa_top_light_04"
      squad_members:t="t2_aaa_top_heavy_01"
      squad_members:t="t2_aaa_top_heavy_02"
      squad_members:t="t2_aaa_top_light_05"
      squad_members:t="t2_aaa_top_light_06"
      squad_members:t="t2_aaa_top_light_07"
      squad_members:t="t2_aaa_top_light_08"
      object_marking:i=0
    }
  }
}

areas{

  airfields_area_46_km{
    type:t="Sphere"
    tm:m=[[-481.716, 0.0, 91998.8] [0.0, 92000.0, 0.0] [-91998.8, 0.0, -481.716] [-15627.6, 1165.72, 26551.0]]
    objLayer:i=3

    props{
    }
  }

  t2_interceptor_area_top{
    type:t="Sphere"
    tm:m=[[-1620.86, 0.0, 5776.92] [0.0, 6000.0, 0.0] [-5776.92, 0.0, -1620.86] [-55718.6, 3750.0, 1861.46]]

    props{
    }
  }

  t2_assault_top_spawn{
    type:t="Sphere"
    tm:m=[[292.107, 0.0, 68.3681] [0.0, 300.0, 0.0] [-68.3681, 0.0, 292.107] [-50905.2, 2750.0, 3212.71]]

    props{
    }
  }

  t2_aaa_fighter_area_top{
    type:t="Sphere"
    tm:m=[[-1080.58, 0.0, 3851.3] [0.0, 4000.0, 0.0] [-3851.3, 0.0, -1080.58] [-55718.7, 4750.0, 1861.43]]

    props{
    }
  }

  t2_assault_area_top{
    type:t="Sphere"
    tm:m=[[-2701.45, 0.0, 9628.21] [0.0, 10000.0, 0.0] [-9628.21, 0.0, -2701.45] [-55718.8, 2750.0, 1861.71]]

    props{
    }
  }

  t2_interceptor_top_spawn{
    type:t="Sphere"
    tm:m=[[292.107, 0.0, 68.3681] [0.0, 300.0, 0.0] [-68.3681, 0.0, 292.107] [-58588.8, 2750.0, 1056.02]]

    props{
    }
  }

  t2_aaa_fighter_top_spawn{
    type:t="Sphere"
    tm:m=[[292.107, 0.0, 68.3681] [0.0, 300.0, 0.0] [-68.3681, 0.0, 292.107] [-57637.5, 3750.0, 1322.94]]

    props{
    }
  }

  t2_far_bomber_top_spawn{
    type:t="Sphere"
    tm:m=[[292.107, 0.0, 68.3681] [0.0, 300.0, 0.0] [-68.3681, 0.0, 292.107] [-53793.9, 6250.0, 2401.42]]

    props{
    }
  }

  t2_main_bomber_top_spawn{
    type:t="Sphere"
    tm:m=[[292.107, 0.0, 68.3681] [0.0, 300.0, 0.0] [-68.3681, 0.0, 292.107] [-53312.0, 5250.0, 2536.73]]

    props{
    }
  }

  t2_far_bomber_area_top{
    type:t="Sphere"
    tm:m=[[-1080.58, 0.0, 3851.3] [0.0, 4000.0, 0.0] [-3851.3, 0.0, -1080.58] [-55718.7, 6250.0, 1861.43]]

    props{
    }
  }

  t2_main_bomber_area_top{
    type:t="Sphere"
    tm:m=[[-1350.72, 0.0, 4814.09] [0.0, 5000.0, 0.0] [-4814.09, 0.0, -1350.72] [-55718.7, 5250.0, 1861.43]]

    props{
    }
  }

  t1_interceptor_area_top{
    type:t="Sphere"
    tm:m=[[339.187, 0.0, -5990.42] [0.0, 6000.0, 0.0] [5990.42, 0.0, 339.187] [29971.6, 3750.01, 22289.1]]

    props{
    }
  }

  t1_assault_top_spawn{
    type:t="Sphere"
    tm:m=[[-293.703, 0.0, 61.139] [0.0, 300.0, 0.0] [-61.139, 0.0, -293.703] [25491.0, 2750.0, 19723.0]]

    props{
    }
  }

  t1_aaa_fighter_area_top{
    type:t="Sphere"
    tm:m=[[226.155, 0.0, -3993.64] [0.0, 4000.0, 0.0] [3993.64, 0.0, 226.155] [29971.6, 4750.0, 22289.1]]

    props{
    }
  }

  t1_assault_area_top{
    type:t="Sphere"
    tm:m=[[565.346, 0.0, -9984.01] [0.0, 10000.0, 0.0] [9984.01, 0.0, 565.346] [29971.5, 2750.0, 22289.0]]

    props{
    }
  }

  t1_interceptor_top_spawn{
    type:t="Sphere"
    tm:m=[[-299.974, 0.0, -3.8792] [0.0, 300.0, 0.0] [3.8792, 0.0, -299.974] [32947.4, 2750.0, 22458.1]]

    props{
    }
  }

  t1_aaa_fighter_top_spawn{
    type:t="Sphere"
    tm:m=[[-299.974, 0.0, -3.8792] [0.0, 300.0, 0.0] [3.8792, 0.0, -299.974] [31961.4, 3750.0, 22402.3]]

    props{
    }
  }

  t1_far_bomber_top_spawn{
    type:t="Sphere"
    tm:m=[[-293.703, 0.0, 61.139] [0.0, 300.0, 0.0] [-61.139, 0.0, -293.703] [28526.3, 6250.01, 7145.45]]

    props{
    }
  }

  t1_main_bomber_top_spawn{
    type:t="Sphere"
    tm:m=[[-299.974, 0.0, -3.8792] [0.0, 300.0, 0.0] [3.8792, 0.0, -299.974] [28640.0, 5250.0, 17976.3]]

    props{
    }
  }

  t1_far_bomber_area_top{
    type:t="Sphere"
    tm:m=[[226.155, 0.0, -3993.64] [0.0, 4000.0, 0.0] [3993.64, 0.0, 226.155] [29971.6, 6250.0, 22289.1]]

    props{
    }
  }

  t1_main_bomber_area_top{
    type:t="Sphere"
    tm:m=[[282.677, 0.0, -4991.99] [0.0, 5000.0, 0.0] [4991.99, 0.0, 282.677] [29971.6, 5250.0, 22289.1]]

    props{
    }
  }

  t1_common_fighters_top_spawn{
    type:t="Sphere"
    tm:m=[[-299.974, 0.0, -3.8792] [0.0, 300.0, 0.0] [3.8792, 0.0, -299.974] [32947.4, 2250.01, 22458.1]]

    props{
    }
  }

  t2_common_fighters_top_spawn{
    type:t="Sphere"
    tm:m=[[292.107, 0.0, 68.3681] [0.0, 300.0, 0.0] [-68.3681, 0.0, 292.107] [-58588.8, 2250.0, 1056.02]]

    props{
    }
  }

  t1_assault_additional_top_spawns_area{
    type:t="Sphere"
    tm:m=[[-19998.4, 0.0, -258.619] [0.0, 20000.0, 0.0] [258.619, 0.0, -19998.4] [24978.6, 2750.0, 22006.6]]

    props{
    }
  }

  t1_assault_top_spawn_01{
    type:t="Sphere"
    tm:m=[[-299.974, 0.0, -3.8792] [0.0, 300.0, 0.0] [3.8792, 0.0, -299.974] [25107.6, 2750.0, 12011.7]]

    props{
    }
  }

  t1_assault_top_spawn_02{
    type:t="Sphere"
    tm:m=[[-299.974, 0.0, -3.8792] [0.0, 300.0, 0.0] [3.8792, 0.0, -299.974] [24848.8, 2750.0, 31987.0]]

    props{
    }
  }

  t2_assault_additional_top_spawns_area{
    type:t="Sphere"
    tm:m=[[19473.8, 0.0, 4557.87] [0.0, 20000.0, 0.0] [-4557.87, 0.0, 19473.8] [-50905.2, 2750.0, 3212.71]]

    props{
    }
  }

  t2_assault_top_spawn_01{
    type:t="Sphere"
    tm:m=[[292.107, 0.0, 68.3681] [0.0, 300.0, 0.0] [-68.3681, 0.0, 292.107] [-53179.7, 2750.0, 12930.4]]

    props{
    }
  }

  t2_assault_top_spawn_02{
    type:t="Sphere"
    tm:m=[[292.107, 0.0, 68.3681] [0.0, 300.0, 0.0] [-68.3681, 0.0, 292.107] [-48627.7, 2750.0, -6515.29]]

    props{
    }
  }
}

objLayers{

  layer{
    enabled:b=yes
  }

  layer{
    enabled:b=yes
  }

  layer{
    enabled:b=yes
  }

  layer{
    enabled:b=no
  }
}

wayPoints{
}