selected_tag:t=""
bin_dump_file:t=""

mission_settings{

  player{
    army:i=1
  }

  player_teamB{
    army:i=2
  }

  mission{
    level:t="levels/ruhr.bin"
    type:t="domination"
    environment:t="Day"
    weather:t="clear"
  }
}

imports{
}

triggers{
  isCategory:b=yes
  is_enabled:b=yes

  airfileds_low_init{
    is_enabled:b=yes
    comments:t=""

    props{
      actionsType:t="PERFORM_ONE_BY_ONE"
      conditionsType:t="ALL"
      enableAfterComplete:b=no
    }

    events{

      periodicEvent{
        time:r=1.0
      }
    }

    conditions{
    }

    actions{

      unitSetProperties{
        object:t="t2_def_aaa_low_squad"
        object:t="t1_def_aaa_low_squad"
        object_marking:i=0
        object_var_name:t=""
        object_var_comp_op:t="equal"
        object_var_value:i=0
        accuracy:r=0.9
        checkVisibilityTarget:b=yes
        effShootingRate:r=1.0
        airEffShootingRate:r=1.0
        useSearchRadar:b=yes
        fireRandom:b=yes
        targetChangeInterval:r=5.0
        targetChangeProb:r=0.25
      }
    }

    else_actions{
    }
  }
}

mission_objectives{
  isCategory:b=yes
  is_enabled:b=yes
}

variables{
  is_low_air_spawn:b=no
}

dialogs{
}

airfields{
}

effects{
}

units{

  objectGroups{
    name:t="t1_airfield_low"
    tm:m=[[0.750088, 0.0, 0.661337] [0.0, 1.0, 0.0] [-0.661337, 0.0, 0.750088] [15558.1, 2697.74, 9752.15]]
    unit_class:t="dynaf_pg_1line_ground"
    objLayer:i=2

    props{
      army:i=1
      active:b=yes
    }
  }

  objectGroups{
    name:t="t2_airfield_low"
    tm:m=[[-0.986861, 0.0, 0.161577] [0.0, 1.0, 0.0] [-0.161577, 0.0, -0.986861] [-13008.5, 3001.45, 14315.4]]
    unit_class:t="dynaf_pg_1line_ground"
    objLayer:i=2

    props{
      army:i=2
      active:b=yes
    }
  }

  air_defence{
    name:t="t1_aaa_low_light_01"
    tm:m=[[0.824629, 0.0, 0.565672] [0.0, 1.0, 0.0] [-0.565672, 0.0, 0.824629] [17126.6, 2639.33, 9730.99]]
    unit_class:t="uk_40mm_bofors_airfield"
    objLayer:i=1
    closed_waypoints:b=no
    isShipSpline:b=no
    shipTurnRadius:r=100.0
    weapons:t=""
    bullets0:t=""
    bullets1:t=""
    bullets2:t=""
    bullets3:t=""
    bulletsCount0:i=0
    bulletsCount1:i=0
    bulletsCount2:i=0
    bulletsCount3:i=0
    crewSkillK:r=0.0
    applyAllMods:b=no

    props{
      army:i=1
      count:i=1
      formation_type:t="rows"
      formation_div:i=3
      formation_step:p2=2.5, 2.0
      formation_noise:p2=0.1, 0.1
      uniqueName:t=""
      attack_type:t="fire_at_will"
    }

    way{
    }
  }

  air_defence{
    name:t="t1_aaa_low_heavy_01"
    tm:m=[[0.824629, 0.0, 0.565672] [0.0, 1.0, 0.0] [-0.565672, 0.0, 0.824629] [15821.8, 2672.73, 10376.2]]
    unit_class:t="us_90mm_m1"
    objLayer:i=1
    closed_waypoints:b=no
    isShipSpline:b=no
    shipTurnRadius:r=100.0
    weapons:t=""
    bullets0:t=""
    bullets1:t=""
    bullets2:t=""
    bullets3:t=""
    bulletsCount0:i=0
    bulletsCount1:i=0
    bulletsCount2:i=0
    bulletsCount3:i=0
    crewSkillK:r=0.0
    applyAllMods:b=no

    props{
      army:i=1
      count:i=1
      formation_type:t="rows"
      formation_div:i=3
      formation_step:p2=2.5, 2.0
      formation_noise:p2=0.1, 0.1
      uniqueName:t=""
      attack_type:t="fire_at_will"
    }

    way{
    }
  }

  air_defence{
    name:t="t1_aaa_low_light_02"
    tm:m=[[-0.799169, 0.0, -0.601104] [0.0, 1.0, 0.0] [0.601104, 0.0, -0.799169] [15592.6, 2671.71, 10396.1]]
    unit_class:t="uk_40mm_bofors_airfield"
    objLayer:i=1
    closed_waypoints:b=no
    isShipSpline:b=no
    shipTurnRadius:r=100.0
    weapons:t=""
    bullets0:t=""
    bullets1:t=""
    bullets2:t=""
    bullets3:t=""
    bulletsCount0:i=0
    bulletsCount1:i=0
    bulletsCount2:i=0
    bulletsCount3:i=0
    crewSkillK:r=0.0
    applyAllMods:b=no

    props{
      army:i=1
      count:i=1
      formation_type:t="rows"
      formation_div:i=3
      formation_step:p2=2.5, 2.0
      formation_noise:p2=0.1, 0.1
      uniqueName:t=""
      attack_type:t="fire_at_will"
    }

    way{
    }
  }

  air_defence{
    name:t="t1_aaa_low_light_03"
    tm:m=[[0.824629, 0.0, 0.565672] [0.0, 1.0, 0.0] [-0.565672, 0.0, 0.824629] [15392.4, 2623.27, 8691.91]]
    unit_class:t="uk_40mm_bofors_airfield"
    objLayer:i=1
    closed_waypoints:b=no
    isShipSpline:b=no
    shipTurnRadius:r=100.0
    weapons:t=""
    bullets0:t=""
    bullets1:t=""
    bullets2:t=""
    bullets3:t=""
    bulletsCount0:i=0
    bulletsCount1:i=0
    bulletsCount2:i=0
    bulletsCount3:i=0
    crewSkillK:r=0.0
    applyAllMods:b=no

    props{
      army:i=1
      count:i=1
      formation_type:t="rows"
      formation_div:i=3
      formation_step:p2=2.5, 2.0
      formation_noise:p2=0.1, 0.1
      uniqueName:t=""
      attack_type:t="fire_at_will"
    }

    way{
    }
  }

  air_defence{
    name:t="t1_aaa_low_light_04"
    tm:m=[[-0.682647, 0.0, -0.730747] [0.0, 1.0, 0.0] [0.730747, 0.0, -0.682647] [14990.9, 2702.17, 10037.5]]
    unit_class:t="uk_40mm_bofors_airfield"
    objLayer:i=1
    closed_waypoints:b=no
    isShipSpline:b=no
    shipTurnRadius:r=100.0
    weapons:t=""
    bullets0:t=""
    bullets1:t=""
    bullets2:t=""
    bullets3:t=""
    bulletsCount0:i=0
    bulletsCount1:i=0
    bulletsCount2:i=0
    bulletsCount3:i=0
    crewSkillK:r=0.0
    applyAllMods:b=no

    props{
      army:i=1
      count:i=1
      formation_type:t="rows"
      formation_div:i=3
      formation_step:p2=2.5, 2.0
      formation_noise:p2=0.1, 0.1
      uniqueName:t=""
      attack_type:t="fire_at_will"
    }

    way{
    }
  }

  air_defence{
    name:t="t1_aaa_low_heavy_02"
    tm:m=[[-0.799169, 0.0, -0.601104] [0.0, 1.0, 0.0] [0.601104, 0.0, -0.799169] [16273.2, 2659.29, 9373.11]]
    unit_class:t="us_90mm_m1"
    objLayer:i=1
    closed_waypoints:b=no
    isShipSpline:b=no
    shipTurnRadius:r=100.0
    weapons:t=""
    bullets0:t=""
    bullets1:t=""
    bullets2:t=""
    bullets3:t=""
    bulletsCount0:i=0
    bulletsCount1:i=0
    bulletsCount2:i=0
    bulletsCount3:i=0
    crewSkillK:r=0.0
    applyAllMods:b=no

    props{
      army:i=1
      count:i=1
      formation_type:t="rows"
      formation_div:i=3
      formation_step:p2=2.5, 2.0
      formation_noise:p2=0.1, 0.1
      uniqueName:t=""
      attack_type:t="fire_at_will"
    }

    way{
    }
  }

  air_defence{
    name:t="t2_aaa_low_light_01"
    tm:m=[[0.929203, 0.0, -0.369567] [0.0, 1.0, 0.0] [0.369567, 0.0, 0.929203] [-13699.2, 3012.9, 14894.7]]
    unit_class:t="uk_40mm_bofors_airfield"
    objLayer:i=1
    closed_waypoints:b=no
    isShipSpline:b=no
    shipTurnRadius:r=100.0
    weapons:t=""
    bullets0:t=""
    bullets1:t=""
    bullets2:t=""
    bullets3:t=""
    bulletsCount0:i=0
    bulletsCount1:i=0
    bulletsCount2:i=0
    bulletsCount3:i=0
    crewSkillK:r=0.0
    applyAllMods:b=no

    props{
      army:i=2
      count:i=1
      formation_type:t="rows"
      formation_div:i=3
      formation_step:p2=2.5, 2.0
      formation_noise:p2=0.1, 0.1
      uniqueName:t=""
      attack_type:t="fire_at_will"
    }

    way{
    }
  }

  air_defence{
    name:t="t2_aaa_low_heavy_01"
    tm:m=[[0.929203, 0.0, -0.369567] [0.0, 1.0, 0.0] [0.369567, 0.0, 0.929203] [-13958.8, 3040.01, 13703.5]]
    unit_class:t="us_90mm_m1"
    objLayer:i=1
    closed_waypoints:b=no
    isShipSpline:b=no
    shipTurnRadius:r=100.0
    weapons:t=""
    bullets0:t=""
    bullets1:t=""
    bullets2:t=""
    bullets3:t=""
    bulletsCount0:i=0
    bulletsCount1:i=0
    bulletsCount2:i=0
    bulletsCount3:i=0
    crewSkillK:r=0.0
    applyAllMods:b=no

    props{
      army:i=2
      count:i=1
      formation_type:t="rows"
      formation_div:i=3
      formation_step:p2=2.5, 2.0
      formation_noise:p2=0.1, 0.1
      uniqueName:t=""
      attack_type:t="fire_at_will"
    }

    way{
    }
  }

  air_defence{
    name:t="t2_aaa_low_light_02"
    tm:m=[[-0.912197, 0.0, 0.409748] [0.0, 1.0, 0.0] [-0.409748, 0.0, -0.912197] [-13001.7, 3040.13, 13680.0]]
    unit_class:t="uk_40mm_bofors_airfield"
    objLayer:i=1
    closed_waypoints:b=no
    isShipSpline:b=no
    shipTurnRadius:r=100.0
    weapons:t=""
    bullets0:t=""
    bullets1:t=""
    bullets2:t=""
    bullets3:t=""
    bulletsCount0:i=0
    bulletsCount1:i=0
    bulletsCount2:i=0
    bulletsCount3:i=0
    crewSkillK:r=0.0
    applyAllMods:b=no

    props{
      army:i=2
      count:i=1
      formation_type:t="rows"
      formation_div:i=3
      formation_step:p2=2.5, 2.0
      formation_noise:p2=0.1, 0.1
      uniqueName:t=""
      attack_type:t="fire_at_will"
    }

    way{
    }
  }

  air_defence{
    name:t="t2_aaa_low_light_03"
    tm:m=[[0.929203, 0.0, -0.369567] [0.0, 1.0, 0.0] [0.369567, 0.0, 0.929203] [-12209.5, 3013.04, 14964.7]]
    unit_class:t="uk_40mm_bofors_airfield"
    objLayer:i=1
    closed_waypoints:b=no
    isShipSpline:b=no
    shipTurnRadius:r=100.0
    weapons:t=""
    bullets0:t=""
    bullets1:t=""
    bullets2:t=""
    bullets3:t=""
    bulletsCount0:i=0
    bulletsCount1:i=0
    bulletsCount2:i=0
    bulletsCount3:i=0
    crewSkillK:r=0.0
    applyAllMods:b=no

    props{
      army:i=2
      count:i=1
      formation_type:t="rows"
      formation_div:i=3
      formation_step:p2=2.5, 2.0
      formation_noise:p2=0.1, 0.1
      uniqueName:t=""
      attack_type:t="fire_at_will"
    }

    way{
    }
  }

  air_defence{
    name:t="t2_aaa_low_light_04"
    tm:m=[[-0.944441, 0.0, 0.328684] [0.0, 1.0, 0.0] [-0.328684, 0.0, -0.944441] [-12248.9, 3040.58, 13729.3]]
    unit_class:t="uk_40mm_bofors_airfield"
    objLayer:i=1
    closed_waypoints:b=no
    isShipSpline:b=no
    shipTurnRadius:r=100.0
    weapons:t=""
    bullets0:t=""
    bullets1:t=""
    bullets2:t=""
    bullets3:t=""
    bulletsCount0:i=0
    bulletsCount1:i=0
    bulletsCount2:i=0
    bulletsCount3:i=0
    crewSkillK:r=0.0
    applyAllMods:b=no

    props{
      army:i=2
      count:i=1
      formation_type:t="rows"
      formation_div:i=3
      formation_step:p2=2.5, 2.0
      formation_noise:p2=0.1, 0.1
      uniqueName:t=""
      attack_type:t="fire_at_will"
    }

    way{
    }
  }

  air_defence{
    name:t="t2_aaa_low_heavy_02"
    tm:m=[[-0.912197, 0.0, 0.409748] [0.0, 1.0, 0.0] [-0.409748, 0.0, -0.912197] [-12848.4, 3012.28, 14929.0]]
    unit_class:t="us_90mm_m1"
    objLayer:i=1
    closed_waypoints:b=no
    isShipSpline:b=no
    shipTurnRadius:r=100.0
    weapons:t=""
    bullets0:t=""
    bullets1:t=""
    bullets2:t=""
    bullets3:t=""
    bulletsCount0:i=0
    bulletsCount1:i=0
    bulletsCount2:i=0
    bulletsCount3:i=0
    crewSkillK:r=0.0
    applyAllMods:b=no

    props{
      army:i=2
      count:i=1
      formation_type:t="rows"
      formation_div:i=3
      formation_step:p2=2.5, 2.0
      formation_noise:p2=0.1, 0.1
      uniqueName:t=""
      attack_type:t="fire_at_will"
    }

    way{
    }
  }

  squad{
    name:t="t1_def_aaa_low_squad"
    tm:m=[[-0.798225, 0.0, 0.602359] [0.0, 1.0, 0.0] [-0.602359, 0.0, -0.798225] [37235.4, 2833.68, 36117.7]]

    props{
      squad_members:t="t1_aaa_low_light_01"
      squad_members:t="t1_aaa_low_light_02"
      squad_members:t="t1_aaa_low_light_03"
      squad_members:t="t1_aaa_low_light_04"
      squad_members:t="t1_aaa_low_heavy_01"
      squad_members:t="t1_aaa_low_heavy_02"
      object_marking:i=0
    }
  }

  squad{
    name:t="t2_def_aaa_low_squad"
    tm:m=[[0.849084, 0.0, -0.528258] [0.0, 1.0, 0.0] [0.528258, 0.0, 0.849084] [-17570.3, 2644.19, 10173.8]]

    props{
      squad_members:t="t2_aaa_low_light_01"
      squad_members:t="t2_aaa_low_light_02"
      squad_members:t="t2_aaa_low_light_03"
      squad_members:t="t2_aaa_low_light_04"
      squad_members:t="t2_aaa_low_heavy_01"
      squad_members:t="t2_aaa_low_heavy_02"
      object_marking:i=0
    }
  }
}

areas{

  t1_interceptor_area_low{
    type:t="Sphere"
    tm:m=[[3740.89, 0.0, -4691.05] [0.0, 6000.0, 0.0] [4691.05, 0.0, 3740.89] [15512.7, 4000.0, 9722.35]]

    props{
    }
  }

  t1_assault_low_spawn{
    type:t="Sphere"
    tm:m=[[-242.486, 0.0, -176.635] [0.0, 300.0, 0.0] [176.635, 0.0, -242.486] [11604.2, 4000.0, 6604.73]]

    props{
    }
  }

  t1_aaa_fighter_area_low{
    type:t="Sphere"
    tm:m=[[2493.93, 0.0, -3127.37] [0.0, 4000.0, 0.0] [3127.37, 0.0, 2493.93] [15512.6, 5000.0, 9722.29]]

    props{
    }
  }

  t1_assault_area_low{
    type:t="Sphere"
    tm:m=[[6234.79, 0.0, -7818.41] [0.0, 10000.0, 0.0] [7818.41, 0.0, 6234.79] [15512.7, 4000.0, 9722.35]]

    props{
    }
  }

  t1_interceptor_low_spawn{
    type:t="Sphere"
    tm:m=[[-242.486, 0.0, -176.635] [0.0, 300.0, 0.0] [176.635, 0.0, -242.486] [17843.2, 4000.0, 11581.0]]

    props{
    }
  }

  t1_aaa_fighter_low_spawn{
    type:t="Sphere"
    tm:m=[[-242.486, 0.0, -176.635] [0.0, 300.0, 0.0] [176.635, 0.0, -242.486] [17070.9, 5000.0, 10965.2]]

    props{
    }
  }

  t1_far_bomber_low_spawn{
    type:t="Sphere"
    tm:m=[[-242.486, 0.0, -176.635] [0.0, 300.0, 0.0] [176.635, 0.0, -242.486] [13949.7, 7500.0, 8476.05]]

    props{
    }
  }

  t1_main_bomber_low_spawn{
    type:t="Sphere"
    tm:m=[[-242.486, 0.0, -176.635] [0.0, 300.0, 0.0] [176.635, 0.0, -242.486] [13558.4, 6500.0, 8163.87]]

    props{
    }
  }

  t1_far_bomber_area_low{
    type:t="Sphere"
    tm:m=[[2493.93, 0.0, -3127.37] [0.0, 4000.0, 0.0] [3127.37, 0.0, 2493.93] [15512.6, 7500.0, 9722.29]]

    props{
    }
  }

  t1_main_bomber_area_low{
    type:t="Sphere"
    tm:m=[[3117.4, 0.0, -3909.2] [0.0, 5000.0, 0.0] [3909.2, 0.0, 3117.4] [15512.6, 6500.0, 9722.29]]

    props{
    }
  }

  t2_interceptor_area_low{
    type:t="Sphere"
    tm:m=[[3254.4, 0.0, 5040.73] [0.0, 6000.0, 0.0] [-5040.73, 0.0, 3254.4] [-12952.7, 4000.0, 14136.5]]

    props{
    }
  }

  t2_assault_low_spawn{
    type:t="Sphere"
    tm:m=[[244.698, 0.0, -173.557] [0.0, 300.0, 0.0] [173.557, 0.0, 244.698] [-8751.32, 4000.0, 11423.8]]

    props{
    }
  }

  t2_aaa_fighter_area_low{
    type:t="Sphere"
    tm:m=[[2169.6, 0.0, 3360.52] [0.0, 4000.0, 0.0] [-3360.52, 0.0, 2169.6] [-12952.7, 5000.0, 14136.5]]

    props{
    }
  }

  t2_assault_area_low{
    type:t="Sphere"
    tm:m=[[5423.96, 0.0, 8401.21] [0.0, 10000.0, 0.0] [-8401.21, 0.0, 5423.96] [-12952.7, 4000.0, 14136.5]]

    props{
    }
  }

  t2_interceptor_low_spawn{
    type:t="Sphere"
    tm:m=[[244.698, 0.0, -173.557] [0.0, 300.0, 0.0] [173.557, 0.0, 244.698] [-15457.0, 4000.0, 15753.0]]

    props{
    }
  }

  t2_aaa_fighter_low_spawn{
    type:t="Sphere"
    tm:m=[[244.698, 0.0, -173.557] [0.0, 300.0, 0.0] [173.557, 0.0, 244.698] [-14627.2, 5000.0, 15217.2]]

    props{
    }
  }

  t2_far_bomber_low_spawn{
    type:t="Sphere"
    tm:m=[[244.698, 0.0, -173.557] [0.0, 300.0, 0.0] [173.557, 0.0, 244.698] [-11273.3, 7500.0, 13051.9]]

    props{
    }
  }

  t2_main_bomber_low_spawn{
    type:t="Sphere"
    tm:m=[[244.698, 0.0, -173.557] [0.0, 300.0, 0.0] [173.557, 0.0, 244.698] [-10852.6, 6500.0, 12780.3]]

    props{
    }
  }

  t2_far_bomber_area_low{
    type:t="Sphere"
    tm:m=[[2169.6, 0.0, 3360.52] [0.0, 4000.0, 0.0] [-3360.52, 0.0, 2169.6] [-12952.7, 7500.0, 14136.5]]

    props{
    }
  }

  t2_main_bomber_area_low{
    type:t="Sphere"
    tm:m=[[2711.97, 0.0, 4200.6] [0.0, 5000.0, 0.0] [-4200.6, 0.0, 2711.97] [-12952.7, 6500.0, 14136.5]]

    props{
    }
  }

  t2_common_fighters_low_spawn{
    type:t="Sphere"
    tm:m=[[244.698, 0.0, -173.557] [0.0, 300.0, 0.0] [173.557, 0.0, 244.698] [-15457.0, 3500.0, 15753.0]]

    props{
    }
  }

  t1_common_fighters_low_spawn{
    type:t="Sphere"
    tm:m=[[-242.486, 0.0, -176.635] [0.0, 300.0, 0.0] [176.635, 0.0, -242.486] [17843.2, 3500.0, 11581.0]]

    props{
    }
  }

  location__low_border{
    type:t="Box"
    tm:m=[[128000.0, 0.0, -0.000600962] [0.0, 1000.0, 0.0] [0.000600962, 0.0, 128000.0] [-457.771, 0.0, -1765.39]]
    objLayer:i=4

    props{
    }
  }

  airfields_low_area{
    type:t="Sphere"
    tm:m=[[0.00195312, 0.0, -90000.0] [0.0, 90000.0, 0.0] [90000.0, 0.0, 0.00195312] [0.0, 3348.55, 862.752]]
    objLayer:i=4

    props{
    }
  }
}

objLayers{

  layer{
    enabled:b=yes
  }

  layer{
    enabled:b=yes
  }

  layer{
    enabled:b=yes
  }

  layer{
    enabled:b=yes
  }

  layer{
    enabled:b=no
  }
}

wayPoints{
}