selected_tag:t=""
bin_dump_file:t=""

mission_settings{

  player{
    army:i=1
  }

  player_teamB{
    army:i=2
  }

  mission{
    level:t="levels/ruhr.bin"
    type:t="domination"
    environment:t="Day"
    weather:t="clear"
  }
}

imports{
}

triggers{
  isCategory:b=yes
  is_enabled:b=yes

  airfileds_top_init{
    is_enabled:b=yes
    comments:t=""

    props{
      actionsType:t="PERFORM_ONE_BY_ONE"
      conditionsType:t="ALL"
      enableAfterComplete:b=no
    }

    events{

      periodicEvent{
        time:r=1.0
      }
    }

    conditions{
    }

    actions{

      unitSetProperties{
        object:t="t1_def_aaa_top_squad"
        object:t="t2_def_aaa_top_squad"
        object_marking:i=0
        object_var_name:t=""
        object_var_comp_op:t="equal"
        object_var_value:i=0
        accuracy:r=0.9
        checkVisibilityTarget:b=yes
        effShootingRate:r=1.0
        airEffShootingRate:r=1.0
        useSearchRadar:b=yes
        fireRandom:b=yes
        targetChangeInterval:r=5.0
        targetChangeProb:r=0.25
      }
    }

    else_actions{
    }
  }
}

mission_objectives{
  isCategory:b=yes
  is_enabled:b=yes
}

variables{
}

dialogs{
}

airfields{
}

effects{
}

units{

  objectGroups{
    name:t="t2_airfield_top"
    tm:m=[[0.671624, 0.0, 0.740893] [0.0, 1.0, 0.0] [-0.740893, 0.0, 0.671624] [55899.9, 375.989, 7610.99]]
    unit_class:t="dynaf_pg_1line_3000_universal"
    objLayer:i=2

    props{
      army:i=2
      active:b=yes
    }
  }

  objectGroups{
    name:t="t1_airfield_top"
    tm:m=[[-0.58671, 0.0, -0.809797] [0.0, 1.0, 0.0] [0.809797, 0.0, -0.58671] [-20651.0, 677.0, -53190.8]]
    unit_class:t="dynaf_pg_1line_3000_universal"
    objLayer:i=2

    props{
      army:i=1
      active:b=yes
    }
  }

  tankModels{
    name:t="t2_aaa_top_light_01"
    tm:m=[[0.647096, 0.0, 0.762406] [0.0, 1.0, 0.0] [-0.762406, 0.0, 0.647096] [57357.2, 435.377, 7859.19]]
    unit_class:t="sw_veak_40"
    objLayer:i=1
    closed_waypoints:b=no
    isShipSpline:b=no
    shipTurnRadius:r=100.0
    weapons:t=""
    bullets0:t="40mm_sw_kan_HE"
    bullets1:t=""
    bullets2:t=""
    bullets3:t=""
    bulletsCount0:i=0
    bulletsCount1:i=0
    bulletsCount2:i=0
    bulletsCount3:i=0
    crewSkillK:r=0.0
    applyAllMods:b=no

    props{
      army:i=2
      count:i=1
      formation_type:t="rows"
      formation_div:i=3
      formation_step:p2=2.5, 2.0
      formation_noise:p2=0.1, 0.1
      uniqueName:t=""
      attack_type:t="fire_at_will"
    }

    way{
    }
  }

  tankModels{
    name:t="t2_aaa_top_heavy_01"
    tm:m=[[0.647096, 0.0, 0.762406] [0.0, 1.0, 0.0] [-0.762406, 0.0, 0.647096] [55928.8, 419.209, 8138.99]]
    unit_class:t="fr_amx_30_roland"
    objLayer:i=1
    closed_waypoints:b=no
    isShipSpline:b=no
    shipTurnRadius:r=100.0
    weapons:t=""
    bullets0:t=""
    bullets1:t=""
    bullets2:t=""
    bullets3:t=""
    bulletsCount0:i=0
    bulletsCount1:i=0
    bulletsCount2:i=0
    bulletsCount3:i=0
    crewSkillK:r=0.0
    applyAllMods:b=no

    props{
      army:i=2
      count:i=1
      formation_type:t="rows"
      formation_div:i=3
      formation_step:p2=2.5, 2.0
      formation_noise:p2=0.1, 0.1
      uniqueName:t=""
      attack_type:t="fire_at_will"
    }

    way{
    }
  }

  tankModels{
    name:t="t2_aaa_top_light_02"
    tm:m=[[-0.613224, 0.0, -0.789908] [0.0, 1.0, 0.0] [0.789908, 0.0, -0.613224] [55702.4, 433.195, 8097.99]]
    unit_class:t="sw_veak_40"
    objLayer:i=1
    closed_waypoints:b=no
    isShipSpline:b=no
    shipTurnRadius:r=100.0
    weapons:t=""
    bullets0:t="40mm_sw_kan_HE"
    bullets1:t=""
    bullets2:t=""
    bullets3:t=""
    bulletsCount0:i=0
    bulletsCount1:i=0
    bulletsCount2:i=0
    bulletsCount3:i=0
    crewSkillK:r=0.0
    applyAllMods:b=no

    props{
      army:i=2
      count:i=1
      formation_type:t="rows"
      formation_div:i=3
      formation_step:p2=2.5, 2.0
      formation_noise:p2=0.1, 0.1
      uniqueName:t=""
      attack_type:t="fire_at_will"
    }

    way{
    }
  }

  tankModels{
    name:t="t2_aaa_top_light_03"
    tm:m=[[0.647096, 0.0, 0.762406] [0.0, 1.0, 0.0] [-0.762406, 0.0, 0.647096] [55956.8, 437.037, 6400.99]]
    unit_class:t="sw_veak_40"
    objLayer:i=1
    closed_waypoints:b=no
    isShipSpline:b=no
    shipTurnRadius:r=100.0
    weapons:t=""
    bullets0:t="40mm_sw_kan_HE"
    bullets1:t=""
    bullets2:t=""
    bullets3:t=""
    bulletsCount0:i=0
    bulletsCount1:i=0
    bulletsCount2:i=0
    bulletsCount3:i=0
    crewSkillK:r=0.0
    applyAllMods:b=no

    props{
      army:i=2
      count:i=1
      formation_type:t="rows"
      formation_div:i=3
      formation_step:p2=2.5, 2.0
      formation_noise:p2=0.1, 0.1
      uniqueName:t=""
      attack_type:t="fire_at_will"
    }

    way{
    }
  }

  tankModels{
    name:t="t2_aaa_top_light_04"
    tm:m=[[-0.466741, 0.0, -0.884392] [0.0, 1.0, 0.0] [0.884392, 0.0, -0.466741] [55215.9, 436.622, 7593.89]]
    unit_class:t="sw_veak_40"
    objLayer:i=1
    closed_waypoints:b=no
    isShipSpline:b=no
    shipTurnRadius:r=100.0
    weapons:t=""
    bullets0:t="40mm_sw_kan_HE"
    bullets1:t=""
    bullets2:t=""
    bullets3:t=""
    bulletsCount0:i=0
    bulletsCount1:i=0
    bulletsCount2:i=0
    bulletsCount3:i=0
    crewSkillK:r=0.0
    applyAllMods:b=no

    props{
      army:i=2
      count:i=1
      formation_type:t="rows"
      formation_div:i=3
      formation_step:p2=2.5, 2.0
      formation_noise:p2=0.1, 0.1
      uniqueName:t=""
      attack_type:t="fire_at_will"
    }

    way{
    }
  }

  tankModels{
    name:t="t2_aaa_top_heavy_02"
    tm:m=[[-0.613224, 0.0, -0.789908] [0.0, 1.0, 0.0] [0.789908, 0.0, -0.613224] [56627.8, 437.393, 7289.79]]
    unit_class:t="fr_amx_30_roland"
    objLayer:i=1
    closed_waypoints:b=no
    isShipSpline:b=no
    shipTurnRadius:r=100.0
    weapons:t=""
    bullets0:t=""
    bullets1:t=""
    bullets2:t=""
    bullets3:t=""
    bulletsCount0:i=0
    bulletsCount1:i=0
    bulletsCount2:i=0
    bulletsCount3:i=0
    crewSkillK:r=0.0
    applyAllMods:b=no

    props{
      army:i=2
      count:i=1
      formation_type:t="rows"
      formation_div:i=3
      formation_step:p2=2.5, 2.0
      formation_noise:p2=0.1, 0.1
      uniqueName:t=""
      attack_type:t="fire_at_will"
    }

    way{
    }
  }

  tankModels{
    name:t="t1_aaa_top_light_01"
    tm:m=[[0.855971, 0.0, 0.517023] [0.0, 1.0, 0.0] [-0.517023, 0.0, 0.855971] [-21373.9, 768.786, -53483.0]]
    unit_class:t="sw_veak_40"
    objLayer:i=1
    closed_waypoints:b=no
    isShipSpline:b=no
    shipTurnRadius:r=100.0
    weapons:t=""
    bullets0:t="40mm_sw_kan_HE"
    bullets1:t=""
    bullets2:t=""
    bullets3:t=""
    bulletsCount0:i=0
    bulletsCount1:i=0
    bulletsCount2:i=0
    bulletsCount3:i=0
    crewSkillK:r=0.0
    applyAllMods:b=no

    props{
      army:i=1
      count:i=1
      formation_type:t="rows"
      formation_div:i=3
      formation_step:p2=2.5, 2.0
      formation_noise:p2=0.1, 0.1
      uniqueName:t=""
      attack_type:t="fire_at_will"
    }

    way{
    }
  }

  tankModels{
    name:t="t1_aaa_top_heavy_01"
    tm:m=[[0.855971, 0.0, 0.517023] [0.0, 1.0, 0.0] [-0.517023, 0.0, 0.855971] [-20907.0, 769.598, -54130.8]]
    unit_class:t="fr_amx_30_roland"
    objLayer:i=1
    closed_waypoints:b=no
    isShipSpline:b=no
    shipTurnRadius:r=100.0
    weapons:t=""
    bullets0:t=""
    bullets1:t=""
    bullets2:t=""
    bullets3:t=""
    bulletsCount0:i=0
    bulletsCount1:i=0
    bulletsCount2:i=0
    bulletsCount3:i=0
    crewSkillK:r=0.0
    applyAllMods:b=no

    props{
      army:i=1
      count:i=1
      formation_type:t="rows"
      formation_div:i=3
      formation_step:p2=2.5, 2.0
      formation_noise:p2=0.1, 0.1
      uniqueName:t=""
      attack_type:t="fire_at_will"
    }

    way{
    }
  }

  tankModels{
    name:t="t1_aaa_top_light_02"
    tm:m=[[-0.877708, 0.0, -0.479192] [0.0, 1.0, 0.0] [0.479192, 0.0, -0.877708] [-20309.9, 769.721, -53382.4]]
    unit_class:t="sw_veak_40"
    objLayer:i=1
    closed_waypoints:b=no
    isShipSpline:b=no
    shipTurnRadius:r=100.0
    weapons:t=""
    bullets0:t="40mm_sw_kan_HE"
    bullets1:t=""
    bullets2:t=""
    bullets3:t=""
    bulletsCount0:i=0
    bulletsCount1:i=0
    bulletsCount2:i=0
    bulletsCount3:i=0
    crewSkillK:r=0.0
    applyAllMods:b=no

    props{
      army:i=1
      count:i=1
      formation_type:t="rows"
      formation_div:i=3
      formation_step:p2=2.5, 2.0
      formation_noise:p2=0.1, 0.1
      uniqueName:t=""
      attack_type:t="fire_at_will"
    }

    way{
    }
  }

  tankModels{
    name:t="t1_aaa_top_light_03"
    tm:m=[[0.855971, 0.0, 0.517023] [0.0, 1.0, 0.0] [-0.517023, 0.0, 0.855971] [-20529.5, 768.929, -52253.8]]
    unit_class:t="sw_veak_40"
    objLayer:i=1
    closed_waypoints:b=no
    isShipSpline:b=no
    shipTurnRadius:r=100.0
    weapons:t=""
    bullets0:t="40mm_sw_kan_HE"
    bullets1:t=""
    bullets2:t=""
    bullets3:t=""
    bulletsCount0:i=0
    bulletsCount1:i=0
    bulletsCount2:i=0
    bulletsCount3:i=0
    crewSkillK:r=0.0
    applyAllMods:b=no

    props{
      army:i=1
      count:i=1
      formation_type:t="rows"
      formation_div:i=3
      formation_step:p2=2.5, 2.0
      formation_noise:p2=0.1, 0.1
      uniqueName:t=""
      attack_type:t="fire_at_will"
    }

    way{
    }
  }

  tankModels{
    name:t="t1_aaa_top_light_04"
    tm:m=[[-0.832604, 0.0, -0.55387] [0.0, 1.0, 0.0] [0.55387, 0.0, -0.832604] [-19894.3, 770.164, -52753.0]]
    unit_class:t="sw_veak_40"
    objLayer:i=1
    closed_waypoints:b=no
    isShipSpline:b=no
    shipTurnRadius:r=100.0
    weapons:t=""
    bullets0:t="40mm_sw_kan_HE"
    bullets1:t=""
    bullets2:t=""
    bullets3:t=""
    bulletsCount0:i=0
    bulletsCount1:i=0
    bulletsCount2:i=0
    bulletsCount3:i=0
    crewSkillK:r=0.0
    applyAllMods:b=no

    props{
      army:i=1
      count:i=1
      formation_type:t="rows"
      formation_div:i=3
      formation_step:p2=2.5, 2.0
      formation_noise:p2=0.1, 0.1
      uniqueName:t=""
      attack_type:t="fire_at_will"
    }

    way{
    }
  }

  tankModels{
    name:t="t1_aaa_top_heavy_02"
    tm:m=[[-0.877708, 0.0, -0.479192] [0.0, 1.0, 0.0] [0.479192, 0.0, -0.877708] [-20887.2, 768.172, -52784.4]]
    unit_class:t="fr_amx_30_roland"
    objLayer:i=1
    closed_waypoints:b=no
    isShipSpline:b=no
    shipTurnRadius:r=100.0
    weapons:t=""
    bullets0:t=""
    bullets1:t=""
    bullets2:t=""
    bullets3:t=""
    bulletsCount0:i=0
    bulletsCount1:i=0
    bulletsCount2:i=0
    bulletsCount3:i=0
    crewSkillK:r=0.0
    applyAllMods:b=no

    props{
      army:i=1
      count:i=1
      formation_type:t="rows"
      formation_div:i=3
      formation_step:p2=2.5, 2.0
      formation_noise:p2=0.1, 0.1
      uniqueName:t=""
      attack_type:t="fire_at_will"
    }

    way{
    }
  }

  squad{
    name:t="t2_def_aaa_top_squad"
    tm:m=[[-0.0707393, 0.0, -0.997495] [0.0, 1.0, 0.0] [0.997495, 0.0, -0.0707393] [-17518.1, 231.493, -3748.45]]

    props{
      squad_members:t="t2_aaa_top_light_01"
      squad_members:t="t2_aaa_top_light_02"
      squad_members:t="t2_aaa_top_light_03"
      squad_members:t="t2_aaa_top_light_04"
      squad_members:t="t2_aaa_top_heavy_01"
      squad_members:t="t2_aaa_top_heavy_02"
      object_marking:i=0
    }
  }

  squad{
    name:t="t1_def_aaa_top_squad"
    tm:m=[[0.872069, 0.0, 0.489383] [0.0, 1.0, 0.0] [-0.489383, 0.0, 0.872069] [-15408.7, 554.396, -56766.4]]

    props{
      squad_members:t="t1_aaa_top_light_01"
      squad_members:t="t1_aaa_top_light_02"
      squad_members:t="t1_aaa_top_light_03"
      squad_members:t="t1_aaa_top_light_04"
      squad_members:t="t1_aaa_top_heavy_01"
      squad_members:t="t1_aaa_top_heavy_02"
      object_marking:i=0
    }
  }
}

areas{

  t2_interceptor_area_top{
    type:t="Sphere"
    tm:m=[[4167.46, 0.0, -4316.52] [0.0, 6000.0, 0.0] [4316.52, 0.0, 4167.46] [55761.1, 3006.39, 7678.88]]

    props{
    }
  }

  t2_assault_top_spawn{
    type:t="Sphere"
    tm:m=[[-224.709, 0.0, -198.761] [0.0, 300.0, 0.0] [198.761, 0.0, -224.709] [52164.7, 2006.39, 4205.88]]

    props{
    }
  }

  t2_aaa_fighter_area_top{
    type:t="Sphere"
    tm:m=[[2778.32, 0.0, -2877.69] [0.0, 4000.0, 0.0] [2877.69, 0.0, 2778.32] [55761.0, 4006.39, 7678.88]]

    props{
    }
  }

  t2_assault_area_top{
    type:t="Sphere"
    tm:m=[[6945.77, 0.0, -7194.2] [0.0, 10000.0, 0.0] [7194.2, 0.0, 6945.77] [55761.0, 2006.39, 7678.88]]

    props{
    }
  }

  t2_interceptor_top_spawn{
    type:t="Sphere"
    tm:m=[[-224.709, 0.0, -198.761] [0.0, 300.0, 0.0] [198.761, 0.0, -224.709] [57905.5, 2006.39, 9749.57]]

    props{
    }
  }

  t2_aaa_fighter_top_spawn{
    type:t="Sphere"
    tm:m=[[-224.709, 0.0, -198.761] [0.0, 300.0, 0.0] [198.761, 0.0, -224.709] [57194.8, 3006.39, 9063.27]]

    props{
    }
  }

  t2_far_bomber_top_spawn{
    type:t="Sphere"
    tm:m=[[-224.709, 0.0, -198.761] [0.0, 300.0, 0.0] [198.761, 0.0, -224.709] [54322.9, 5506.39, 6290.48]]

    props{
    }
  }

  t2_main_bomber_top_spawn{
    type:t="Sphere"
    tm:m=[[-224.709, 0.0, -198.761] [0.0, 300.0, 0.0] [198.761, 0.0, -224.709] [53962.7, 4506.39, 5942.78]]

    props{
    }
  }

  t2_far_bomber_area_top{
    type:t="Sphere"
    tm:m=[[2778.32, 0.0, -2877.69] [0.0, 4000.0, 0.0] [2877.69, 0.0, 2778.32] [55761.0, 5506.39, 7678.88]]

    props{
    }
  }

  t2_main_bomber_area_top{
    type:t="Sphere"
    tm:m=[[3472.88, 0.0, -3597.09] [0.0, 5000.0, 0.0] [3597.09, 0.0, 3472.88] [55761.0, 4506.39, 7678.88]]

    props{
    }
  }

  t1_interceptor_area_top{
    type:t="Sphere"
    tm:m=[[-4594.55, 0.0, 3858.79] [0.0, 6000.0, 0.0] [-3858.79, 0.0, -4594.55] [-20652.5, 3000.0, -53042.7]]

    props{
    }
  }

  t1_assault_top_spawn{
    type:t="Sphere"
    tm:m=[[202.774, 0.0, 221.092] [0.0, 300.0, 0.0] [-221.092, 0.0, 202.774] [-17436.0, 1999.99, -49213.3]]

    props{
    }
  }

  t1_aaa_fighter_area_top{
    type:t="Sphere"
    tm:m=[[-3063.06, 0.0, 2572.52] [0.0, 4000.0, 0.0] [-2572.52, 0.0, -3063.06] [-20652.5, 3999.99, -53042.7]]

    props{
    }
  }

  t1_assault_area_top{
    type:t="Sphere"
    tm:m=[[-7657.58, 0.0, 6431.28] [0.0, 10000.0, 0.0] [-6431.28, 0.0, -7657.58] [-20652.5, 1999.99, -53042.6]]

    props{
    }
  }

  t1_interceptor_top_spawn{
    type:t="Sphere"
    tm:m=[[202.774, 0.0, 221.092] [0.0, 300.0, 0.0] [-221.092, 0.0, 202.774] [-22569.2, 1999.99, -55325.5]]

    props{
    }
  }

  t1_aaa_fighter_top_spawn{
    type:t="Sphere"
    tm:m=[[202.774, 0.0, 221.092] [0.0, 300.0, 0.0] [-221.092, 0.0, 202.774] [-21934.0, 2999.99, -54569.1]]

    props{
    }
  }

  t1_far_bomber_top_spawn{
    type:t="Sphere"
    tm:m=[[202.774, 0.0, 221.092] [0.0, 300.0, 0.0] [-221.092, 0.0, 202.774] [-19366.5, 5500.0, -51512.0]]

    props{
    }
  }

  t1_main_bomber_top_spawn{
    type:t="Sphere"
    tm:m=[[202.774, 0.0, 221.092] [0.0, 300.0, 0.0] [-221.092, 0.0, 202.774] [-19044.5, 4499.99, -51128.5]]

    props{
    }
  }

  t1_far_bomber_area_top{
    type:t="Sphere"
    tm:m=[[-3063.06, 0.0, 2572.52] [0.0, 4000.0, 0.0] [-2572.52, 0.0, -3063.06] [-20652.5, 5499.99, -53042.7]]

    props{
    }
  }

  t1_main_bomber_area_top{
    type:t="Sphere"
    tm:m=[[-3828.78, 0.0, 3215.62] [0.0, 5000.0, 0.0] [-3215.62, 0.0, -3828.78] [-20652.5, 4499.99, -53042.7]]

    props{
    }
  }

  airfields_area_46km{
    type:t="Sphere"
    tm:m=[[-80349.3, 0.0, 44810.6] [0.0, 92000.0, 0.0] [-44810.6, 0.0, -80349.3] [16000.0, 847.5, -21000.0]]
    objLayer:i=4

    props{
    }
  }

  t1_common_fighters_top_spawn{
    type:t="Sphere"
    tm:m=[[202.774, 0.0, 221.092] [0.0, 300.0, 0.0] [-221.092, 0.0, 202.774] [-22569.2, 1500.0, -55325.5]]

    props{
    }
  }

  t2_common_fighters_top_spawn{
    type:t="Sphere"
    tm:m=[[-224.709, 0.0, -198.761] [0.0, 300.0, 0.0] [198.761, 0.0, -224.709] [57905.5, 1506.39, 9749.57]]

    props{
    }
  }
}

objLayers{

  layer{
    enabled:b=yes
  }

  layer{
    enabled:b=yes
  }

  layer{
    enabled:b=yes
  }

  layer{
    enabled:b=yes
  }

  layer{
    enabled:b=no
  }
}

wayPoints{
}