selected_tag:t=""
bin_dump_file:t=""

mission_settings{

  player{
    army:i=1
    wing:t=""
  }

  player_teamB{
    army:i=2
    wing:t=""
  }

  mission{
    level:t="levels/berlin.bin"
    type:t="domination"
    environment:t="Day"
    weather:t="hazy"
    deathPenaltyMulRounds:r=0.0

    stars{
      latitude:r=52.5
      longitude:r=13.0
      year:i=1945
      month:i=4
      day:i=2
    }
  }

  spectator_points{
  }
}

imports{

  import_record{
    file:t="gameData/missions/templates/air_templates/gs/assaults_gs_template.blk"
    importAreas:b=yes
    importUnits:b=yes
    importTriggers:b=yes
    importMissionObjectives:b=yes
    importWayPoints:b=yes
    showAreas:b=yes
    showUnits:b=yes
    showTriggers:b=yes
    showMissionObjectives:b=yes
    showWayPoints:b=yes

    excludes{
    }
  }
}

triggers{
  isCategory:b=yes
  is_enabled:b=yes
}

mission_objectives{
  isCategory:b=yes
  is_enabled:b=yes
}

variables{
  ai_assaults_saved:i=0
  ft_helicopters_pad_exclusive:b=no
}

dialogs{
}

airfields{
}

effects{
}

units{
}

areas{

  at_area{
    type:t="Sphere"
    tm:m=[[9154.38, 0.0, -13122.5] [0.0, 16000.0, 0.0] [13122.5, 0.0, 9154.38] [1000.0, 600.0, -13000.0]]
    objLayer:i=0

    props{
    }
  }

  at_t2_spawn_01_01{
    type:t="Point"
    tm:m=[[0.832926, 0.0, 0.553386] [0.0, 1.0, 0.0] [-0.553386, 0.0, 0.832926] [-4142.31, 600.0, -19124.1]]
    objLayer:i=0

    props{
    }
  }

  at_t1_spawn_01_01{
    type:t="Point"
    tm:m=[[-0.832926, 0.0, -0.553386] [0.0, 1.0, 0.0] [0.553386, 0.0, -0.832926] [8535.66, 599.99, -10284.2]]
    objLayer:i=0

    props{
    }
  }

  at_t2_spawn_01_02{
    type:t="Point"
    tm:m=[[0.832926, 0.0, 0.553386] [0.0, 1.0, 0.0] [-0.553386, 0.0, 0.832926] [-6520.35, 600.0, -15726.1]]
    objLayer:i=0

    props{
    }
  }

  at_t1_spawn_01_02{
    type:t="Point"
    tm:m=[[-0.832926, 0.0, -0.553386] [0.0, 1.0, 0.0] [0.553386, 0.0, -0.832926] [6153.05, 599.991, -6880.63]]
    objLayer:i=0

    props{
    }
  }

  at_t1_spawn_02_01{
    type:t="Point"
    tm:m=[[-0.832926, 0.0, -0.553386] [0.0, 1.0, 0.0] [0.553386, 0.0, -0.832926] [4385.94, 599.989, -5765.26]]
    objLayer:i=0

    props{
    }
  }

  at_t1_spawn_02_02{
    type:t="Point"
    tm:m=[[-0.832926, 0.0, -0.553386] [0.0, 1.0, 0.0] [0.553386, 0.0, -0.832926] [9015.53, 599.989, -12386.3]]
    objLayer:i=0

    props{
    }
  }

  at_t2_spawn_02_01{
    type:t="Point"
    tm:m=[[0.832926, 0.0, 0.553386] [0.0, 1.0, 0.0] [-0.553386, 0.0, 0.832926] [-6971.59, 600.002, -13699.6]]
    objLayer:i=0

    props{
    }
  }

  at_t2_spawn_02_02{
    type:t="Point"
    tm:m=[[0.832926, 0.0, 0.553386] [0.0, 1.0, 0.0] [-0.553386, 0.0, 0.832926] [-2410.15, 600.002, -20221.6]]
    objLayer:i=0

    props{
    }
  }
}

objLayers{
}

wayPoints{
}