selected_tag:t=""
bin_dump_file:t=""

mission_settings{

  player{
    army:i=1
  }

  player_teamB{
    army:i=2
  }

  mission{
    type:t="domination"
    level:t="levels/air_southeastern_cliffs.bin"
    environment:t="Day"
    weather:t="hazy"

    allowedUnitTypes{
      isAirplanesAllowed:b=no
      isTanksAllowed:b=no
      isShipsAllowed:b=no
      isHelicoptersAllowed:b=no
    }
  }
}

imports{
}

triggers{
  isCategory:b=yes
  is_enabled:b=yes
}

mission_objectives{
  isCategory:b=yes
  is_enabled:b=yes
}

variables{
}

dialogs{
}

airfields{
}

effects{
}

units{

  objectGroups{
    name:t="t1_airfield_top"
    tm:m=[[-0.708687, 0.0, 0.705523] [0.0, 1.0, 0.0] [-0.705523, 0.0, -0.708687] [-26584.2, 754.577, 40323.0]]
    unit_class:t="dynaf_pg_1line_3000_universal"
    objLayer:i=2

    props{
      army:i=1
      active:b=yes
    }
  }

  objectGroups{
    name:t="t2_airfield_top"
    tm:m=[[0.664522, 0.0, -0.747269] [0.0, 1.0, 0.0] [0.747269, 0.0, 0.664521] [32361.9, 462.083, -36084.7]]
    unit_class:t="dynaf_pg_1line_3000_universal"
    objLayer:i=2

    props{
      army:i=2
      active:b=yes
    }
  }

  tankModels{
    name:t="t1_aaa_top_light_01"
    tm:m=[[-0.641072, 0.0, -0.767479] [0.0, 1.0, 0.0] [0.767479, 0.0, -0.641072] [-25193.5, 849.393, 39885.9]]
    unit_class:t="germ_flakpz_I_Gepard"
    objLayer:i=1
    closed_waypoints:b=no
    isShipSpline:b=no
    shipTurnRadius:r=100.0
    weapons:t=""
    bullets0:t=""
    bullets1:t=""
    bullets2:t=""
    bullets3:t=""
    bulletsCount0:i=0
    bulletsCount1:i=0
    bulletsCount2:i=0
    bulletsCount3:i=0
    crewSkillK:r=0.0
    applyAllMods:b=no

    props{
      army:i=1
      count:i=1
      formation_type:t="rows"
      formation_div:i=3
      formation_step:p2=2.5, 2.0
      formation_noise:p2=0.1, 0.1
      uniqueName:t=""
      attack_type:t="fire_at_will"
    }

    way{
    }
  }

  tankModels{
    name:t="t1_aaa_top_light_02"
    tm:m=[[-0.641072, 0.0, -0.767479] [0.0, 1.0, 0.0] [0.767479, 0.0, -0.641072] [-26922.5, 858.891, 40139.6]]
    unit_class:t="germ_flakpz_I_Gepard"
    objLayer:i=1
    closed_waypoints:b=no
    isShipSpline:b=no
    shipTurnRadius:r=100.0
    weapons:t=""
    bullets0:t=""
    bullets1:t=""
    bullets2:t=""
    bullets3:t=""
    bulletsCount0:i=0
    bulletsCount1:i=0
    bulletsCount2:i=0
    bulletsCount3:i=0
    crewSkillK:r=0.0
    applyAllMods:b=no

    props{
      army:i=1
      count:i=1
      formation_type:t="rows"
      formation_div:i=3
      formation_step:p2=2.5, 2.0
      formation_noise:p2=0.1, 0.1
      uniqueName:t=""
      attack_type:t="fire_at_will"
    }

    way{
    }
  }

  tankModels{
    name:t="t1_aaa_top_light_03"
    tm:m=[[-0.641072, 0.0, -0.767479] [0.0, 1.0, 0.0] [0.767479, 0.0, -0.641072] [-27602.9, 906.641, 40840.1]]
    unit_class:t="germ_flakpz_I_Gepard"
    objLayer:i=1
    closed_waypoints:b=no
    isShipSpline:b=no
    shipTurnRadius:r=100.0
    weapons:t=""
    bullets0:t=""
    bullets1:t=""
    bullets2:t=""
    bullets3:t=""
    bulletsCount0:i=0
    bulletsCount1:i=0
    bulletsCount2:i=0
    bulletsCount3:i=0
    crewSkillK:r=0.0
    applyAllMods:b=no

    props{
      army:i=1
      count:i=1
      formation_type:t="rows"
      formation_div:i=3
      formation_step:p2=2.5, 2.0
      formation_noise:p2=0.1, 0.1
      uniqueName:t=""
      attack_type:t="fire_at_will"
    }

    way{
    }
  }

  tankModels{
    name:t="t1_aaa_top_light_04"
    tm:m=[[-0.641072, 0.0, -0.767479] [0.0, 1.0, 0.0] [0.767479, 0.0, -0.641072] [-27123.7, 931.841, 41930.8]]
    unit_class:t="germ_flakpz_I_Gepard"
    objLayer:i=1
    closed_waypoints:b=no
    isShipSpline:b=no
    shipTurnRadius:r=100.0
    weapons:t=""
    bullets0:t=""
    bullets1:t=""
    bullets2:t=""
    bullets3:t=""
    bulletsCount0:i=0
    bulletsCount1:i=0
    bulletsCount2:i=0
    bulletsCount3:i=0
    crewSkillK:r=0.0
    applyAllMods:b=no

    props{
      army:i=1
      count:i=1
      formation_type:t="rows"
      formation_div:i=3
      formation_step:p2=2.5, 2.0
      formation_noise:p2=0.1, 0.1
      uniqueName:t=""
      attack_type:t="fire_at_will"
    }

    way{
    }
  }

  tankModels{
    name:t="t1_aaa_top_heavy_01"
    tm:m=[[-0.641072, 0.0, -0.767479] [0.0, 1.0, 0.0] [0.767479, 0.0, -0.641072] [-25845.6, 835.99, 39034.9]]
    unit_class:t="fr_amx_30_roland"
    objLayer:i=1
    closed_waypoints:b=no
    isShipSpline:b=no
    shipTurnRadius:r=100.0
    weapons:t=""
    bullets0:t=""
    bullets1:t=""
    bullets2:t=""
    bullets3:t=""
    bulletsCount0:i=0
    bulletsCount1:i=0
    bulletsCount2:i=0
    bulletsCount3:i=0
    crewSkillK:r=0.0
    applyAllMods:b=no

    props{
      army:i=1
      count:i=1
      formation_type:t="rows"
      formation_div:i=3
      formation_step:p2=2.5, 2.0
      formation_noise:p2=0.1, 0.1
      uniqueName:t=""
      attack_type:t="fire_at_will"
    }

    way{
    }
  }

  tankModels{
    name:t="t1_aaa_top_heavy_02"
    tm:m=[[-0.641072, 0.0, -0.767479] [0.0, 1.0, 0.0] [0.767479, 0.0, -0.641072] [-25765.3, 883.891, 40772.1]]
    unit_class:t="fr_amx_30_roland"
    objLayer:i=1
    closed_waypoints:b=no
    isShipSpline:b=no
    shipTurnRadius:r=100.0
    weapons:t=""
    bullets0:t=""
    bullets1:t=""
    bullets2:t=""
    bullets3:t=""
    bulletsCount0:i=0
    bulletsCount1:i=0
    bulletsCount2:i=0
    bulletsCount3:i=0
    crewSkillK:r=0.0
    applyAllMods:b=no

    props{
      army:i=1
      count:i=1
      formation_type:t="rows"
      formation_div:i=3
      formation_step:p2=2.5, 2.0
      formation_noise:p2=0.1, 0.1
      uniqueName:t=""
      attack_type:t="fire_at_will"
    }

    way{
    }
  }

  tankModels{
    name:t="t2_aaa_top_light_01"
    tm:m=[[-0.873386, 0.0, -0.487027] [0.0, 1.0, 0.0] [0.487027, 0.0, -0.873386] [32721.3, 509.224, -37607.6]]
    unit_class:t="germ_flakpz_I_Gepard"
    objLayer:i=1
    closed_waypoints:b=no
    isShipSpline:b=no
    shipTurnRadius:r=100.0
    weapons:t=""
    bullets0:t=""
    bullets1:t=""
    bullets2:t=""
    bullets3:t=""
    bulletsCount0:i=0
    bulletsCount1:i=0
    bulletsCount2:i=0
    bulletsCount3:i=0
    crewSkillK:r=0.0
    applyAllMods:b=no

    props{
      army:i=2
      count:i=1
      formation_type:t="rows"
      formation_div:i=3
      formation_step:p2=2.5, 2.0
      formation_noise:p2=0.1, 0.1
      uniqueName:t=""
      attack_type:t="fire_at_will"
    }

    way{
    }
  }

  tankModels{
    name:t="t2_aaa_top_light_02"
    tm:m=[[-0.873386, 0.0, -0.487027] [0.0, 1.0, 0.0] [0.487027, 0.0, -0.873386] [32698.2, 509.224, -35481.0]]
    unit_class:t="germ_flakpz_I_Gepard"
    objLayer:i=1
    closed_waypoints:b=no
    isShipSpline:b=no
    shipTurnRadius:r=100.0
    weapons:t=""
    bullets0:t=""
    bullets1:t=""
    bullets2:t=""
    bullets3:t=""
    bulletsCount0:i=0
    bulletsCount1:i=0
    bulletsCount2:i=0
    bulletsCount3:i=0
    crewSkillK:r=0.0
    applyAllMods:b=no

    props{
      army:i=2
      count:i=1
      formation_type:t="rows"
      formation_div:i=3
      formation_step:p2=2.5, 2.0
      formation_noise:p2=0.1, 0.1
      uniqueName:t=""
      attack_type:t="fire_at_will"
    }

    way{
    }
  }

  tankModels{
    name:t="t2_aaa_top_light_03"
    tm:m=[[-0.873386, 0.0, -0.487027] [0.0, 1.0, 0.0] [0.487027, 0.0, -0.873386] [33937.8, 509.227, -37057.6]]
    unit_class:t="germ_flakpz_I_Gepard"
    objLayer:i=1
    closed_waypoints:b=no
    isShipSpline:b=no
    shipTurnRadius:r=100.0
    weapons:t=""
    bullets0:t=""
    bullets1:t=""
    bullets2:t=""
    bullets3:t=""
    bulletsCount0:i=0
    bulletsCount1:i=0
    bulletsCount2:i=0
    bulletsCount3:i=0
    crewSkillK:r=0.0
    applyAllMods:b=no

    props{
      army:i=2
      count:i=1
      formation_type:t="rows"
      formation_div:i=3
      formation_step:p2=2.5, 2.0
      formation_noise:p2=0.1, 0.1
      uniqueName:t=""
      attack_type:t="fire_at_will"
    }

    way{
    }
  }

  tankModels{
    name:t="t2_aaa_top_light_04"
    tm:m=[[-0.873386, 0.0, -0.487027] [0.0, 1.0, 0.0] [0.487027, 0.0, -0.873386] [31237.9, 509.224, -36009.7]]
    unit_class:t="germ_flakpz_I_Gepard"
    objLayer:i=1
    closed_waypoints:b=no
    isShipSpline:b=no
    shipTurnRadius:r=100.0
    weapons:t=""
    bullets0:t=""
    bullets1:t=""
    bullets2:t=""
    bullets3:t=""
    bulletsCount0:i=0
    bulletsCount1:i=0
    bulletsCount2:i=0
    bulletsCount3:i=0
    crewSkillK:r=0.0
    applyAllMods:b=no

    props{
      army:i=2
      count:i=1
      formation_type:t="rows"
      formation_div:i=3
      formation_step:p2=2.5, 2.0
      formation_noise:p2=0.1, 0.1
      uniqueName:t=""
      attack_type:t="fire_at_will"
    }

    way{
    }
  }

  tankModels{
    name:t="t2_aaa_top_heavy_01"
    tm:m=[[-0.873386, 0.0, -0.487027] [0.0, 1.0, 0.0] [0.487027, 0.0, -0.873386] [32149.3, 509.224, -34940.6]]
    unit_class:t="fr_amx_30_roland"
    objLayer:i=1
    closed_waypoints:b=no
    isShipSpline:b=no
    shipTurnRadius:r=100.0
    weapons:t=""
    bullets0:t=""
    bullets1:t=""
    bullets2:t=""
    bullets3:t=""
    bulletsCount0:i=0
    bulletsCount1:i=0
    bulletsCount2:i=0
    bulletsCount3:i=0
    crewSkillK:r=0.0
    applyAllMods:b=no

    props{
      army:i=2
      count:i=1
      formation_type:t="rows"
      formation_div:i=3
      formation_step:p2=2.5, 2.0
      formation_noise:p2=0.1, 0.1
      uniqueName:t=""
      attack_type:t="fire_at_will"
    }

    way{
    }
  }

  tankModels{
    name:t="t2_aaa_top_heavy_02"
    tm:m=[[-0.873386, 0.0, -0.487027] [0.0, 1.0, 0.0] [0.487027, 0.0, -0.873386] [31819.8, 509.224, -36884.2]]
    unit_class:t="fr_amx_30_roland"
    objLayer:i=1
    closed_waypoints:b=no
    isShipSpline:b=no
    shipTurnRadius:r=100.0
    weapons:t=""
    bullets0:t=""
    bullets1:t=""
    bullets2:t=""
    bullets3:t=""
    bulletsCount0:i=0
    bulletsCount1:i=0
    bulletsCount2:i=0
    bulletsCount3:i=0
    crewSkillK:r=0.0
    applyAllMods:b=no

    props{
      army:i=2
      count:i=1
      formation_type:t="rows"
      formation_div:i=3
      formation_step:p2=2.5, 2.0
      formation_noise:p2=0.1, 0.1
      uniqueName:t=""
      attack_type:t="fire_at_will"
    }

    way{
    }
  }

  tankModels{
    name:t="t1_aaa_top_light_05"
    tm:m=[[-0.641072, 0.0, -0.767479] [0.0, 1.0, 0.0] [0.767479, 0.0, -0.641072] [-27944.8, 2874.64, 46287.8]]
    unit_class:t="germ_flakpz_I_Gepard"
    objLayer:i=1
    closed_waypoints:b=no
    isShipSpline:b=no
    shipTurnRadius:r=100.0
    weapons:t=""
    bullets0:t=""
    bullets1:t=""
    bullets2:t=""
    bullets3:t=""
    bulletsCount0:i=0
    bulletsCount1:i=0
    bulletsCount2:i=0
    bulletsCount3:i=0
    crewSkillK:r=0.0
    applyAllMods:b=no

    props{
      army:i=1
      count:i=1
      formation_type:t="rows"
      formation_div:i=3
      formation_step:p2=2.5, 2.0
      formation_noise:p2=0.1, 0.1
      uniqueName:t=""
      attack_type:t="fire_at_will"
    }

    way{
    }
  }

  tankModels{
    name:t="t1_aaa_top_light_06"
    tm:m=[[-0.641072, 0.0, -0.767479] [0.0, 1.0, 0.0] [0.767479, 0.0, -0.641072] [-32128.6, 2874.64, 46074.9]]
    unit_class:t="germ_flakpz_I_Gepard"
    objLayer:i=1
    closed_waypoints:b=no
    isShipSpline:b=no
    shipTurnRadius:r=100.0
    weapons:t=""
    bullets0:t=""
    bullets1:t=""
    bullets2:t=""
    bullets3:t=""
    bulletsCount0:i=0
    bulletsCount1:i=0
    bulletsCount2:i=0
    bulletsCount3:i=0
    crewSkillK:r=0.0
    applyAllMods:b=no

    props{
      army:i=1
      count:i=1
      formation_type:t="rows"
      formation_div:i=3
      formation_step:p2=2.5, 2.0
      formation_noise:p2=0.1, 0.1
      uniqueName:t=""
      attack_type:t="fire_at_will"
    }

    way{
    }
  }

  tankModels{
    name:t="t1_aaa_top_light_07"
    tm:m=[[-0.641072, 0.0, -0.767479] [0.0, 1.0, 0.0] [0.767479, 0.0, -0.641072] [-34953.5, 2874.64, 41867.9]]
    unit_class:t="germ_flakpz_I_Gepard"
    objLayer:i=1
    closed_waypoints:b=no
    isShipSpline:b=no
    shipTurnRadius:r=100.0
    weapons:t=""
    bullets0:t=""
    bullets1:t=""
    bullets2:t=""
    bullets3:t=""
    bulletsCount0:i=0
    bulletsCount1:i=0
    bulletsCount2:i=0
    bulletsCount3:i=0
    crewSkillK:r=0.0
    applyAllMods:b=no

    props{
      army:i=1
      count:i=1
      formation_type:t="rows"
      formation_div:i=3
      formation_step:p2=2.5, 2.0
      formation_noise:p2=0.1, 0.1
      uniqueName:t=""
      attack_type:t="fire_at_will"
    }

    way{
    }
  }

  tankModels{
    name:t="t1_aaa_top_light_08"
    tm:m=[[-0.641072, 0.0, -0.767479] [0.0, 1.0, 0.0] [0.767479, 0.0, -0.641072] [-24109.2, 2874.64, 45554.8]]
    unit_class:t="germ_flakpz_I_Gepard"
    objLayer:i=1
    closed_waypoints:b=no
    isShipSpline:b=no
    shipTurnRadius:r=100.0
    weapons:t=""
    bullets0:t=""
    bullets1:t=""
    bullets2:t=""
    bullets3:t=""
    bulletsCount0:i=0
    bulletsCount1:i=0
    bulletsCount2:i=0
    bulletsCount3:i=0
    crewSkillK:r=0.0
    applyAllMods:b=no

    props{
      army:i=1
      count:i=1
      formation_type:t="rows"
      formation_div:i=3
      formation_step:p2=2.5, 2.0
      formation_noise:p2=0.1, 0.1
      uniqueName:t=""
      attack_type:t="fire_at_will"
    }

    way{
    }
  }

  tankModels{
    name:t="t2_aaa_top_light_05"
    tm:m=[[-0.873386, 0.0, -0.487027] [0.0, 1.0, 0.0] [0.487027, 0.0, -0.873386] [30629.5, 509.225, -39444.4]]
    unit_class:t="germ_flakpz_I_Gepard"
    objLayer:i=1
    closed_waypoints:b=no
    isShipSpline:b=no
    shipTurnRadius:r=100.0
    weapons:t=""
    bullets0:t=""
    bullets1:t=""
    bullets2:t=""
    bullets3:t=""
    bulletsCount0:i=0
    bulletsCount1:i=0
    bulletsCount2:i=0
    bulletsCount3:i=0
    crewSkillK:r=0.0
    applyAllMods:b=no

    props{
      army:i=2
      count:i=1
      formation_type:t="rows"
      formation_div:i=3
      formation_step:p2=2.5, 2.0
      formation_noise:p2=0.1, 0.1
      uniqueName:t=""
      attack_type:t="fire_at_will"
    }

    way{
    }
  }

  tankModels{
    name:t="t2_aaa_top_light_06"
    tm:m=[[-0.873386, 0.0, -0.487027] [0.0, 1.0, 0.0] [0.487027, 0.0, -0.873386] [32602.5, 509.225, -40219.1]]
    unit_class:t="germ_flakpz_I_Gepard"
    objLayer:i=1
    closed_waypoints:b=no
    isShipSpline:b=no
    shipTurnRadius:r=100.0
    weapons:t=""
    bullets0:t=""
    bullets1:t=""
    bullets2:t=""
    bullets3:t=""
    bulletsCount0:i=0
    bulletsCount1:i=0
    bulletsCount2:i=0
    bulletsCount3:i=0
    crewSkillK:r=0.0
    applyAllMods:b=no

    props{
      army:i=2
      count:i=1
      formation_type:t="rows"
      formation_div:i=3
      formation_step:p2=2.5, 2.0
      formation_noise:p2=0.1, 0.1
      uniqueName:t=""
      attack_type:t="fire_at_will"
    }

    way{
    }
  }

  tankModels{
    name:t="t2_aaa_top_light_07"
    tm:m=[[-0.873386, 0.0, -0.487027] [0.0, 1.0, 0.0] [0.487027, 0.0, -0.873386] [35016.4, 509.226, -39304.5]]
    unit_class:t="germ_flakpz_I_Gepard"
    objLayer:i=1
    closed_waypoints:b=no
    isShipSpline:b=no
    shipTurnRadius:r=100.0
    weapons:t=""
    bullets0:t=""
    bullets1:t=""
    bullets2:t=""
    bullets3:t=""
    bulletsCount0:i=0
    bulletsCount1:i=0
    bulletsCount2:i=0
    bulletsCount3:i=0
    crewSkillK:r=0.0
    applyAllMods:b=no

    props{
      army:i=2
      count:i=1
      formation_type:t="rows"
      formation_div:i=3
      formation_step:p2=2.5, 2.0
      formation_noise:p2=0.1, 0.1
      uniqueName:t=""
      attack_type:t="fire_at_will"
    }

    way{
    }
  }

  tankModels{
    name:t="t2_aaa_top_light_08"
    tm:m=[[-0.873386, 0.0, -0.487027] [0.0, 1.0, 0.0] [0.487027, 0.0, -0.873386] [36060.9, 509.228, -37282.5]]
    unit_class:t="germ_flakpz_I_Gepard"
    objLayer:i=1
    closed_waypoints:b=no
    isShipSpline:b=no
    shipTurnRadius:r=100.0
    weapons:t=""
    bullets0:t=""
    bullets1:t=""
    bullets2:t=""
    bullets3:t=""
    bulletsCount0:i=0
    bulletsCount1:i=0
    bulletsCount2:i=0
    bulletsCount3:i=0
    crewSkillK:r=0.0
    applyAllMods:b=no

    props{
      army:i=2
      count:i=1
      formation_type:t="rows"
      formation_div:i=3
      formation_step:p2=2.5, 2.0
      formation_noise:p2=0.1, 0.1
      uniqueName:t=""
      attack_type:t="fire_at_will"
    }

    way{
    }
  }

  squad{
    name:t="t1_def_aaa_top_squad"
    tm:m=[[-0.641072, 0.0, -0.767479] [0.0, 1.0, 0.0] [0.767479, 0.0, -0.641072] [-28240.5, 1016.18, 39789.7]]

    props{
      squad_members:t="t1_aaa_top_light_01"
      squad_members:t="t1_aaa_top_light_02"
      squad_members:t="t1_aaa_top_light_03"
      squad_members:t="t1_aaa_top_light_04"
      squad_members:t="t1_aaa_top_heavy_01"
      squad_members:t="t1_aaa_top_heavy_02"
      squad_members:t="t1_aaa_top_light_05"
      squad_members:t="t1_aaa_top_light_06"
      squad_members:t="t1_aaa_top_light_07"
      squad_members:t="t1_aaa_top_light_08"
    }
  }

  squad{
    name:t="t2_def_aaa_top_squad"
    tm:m=[[-0.227727, 0.0, -0.973725] [0.0, 1.0, 0.0] [0.973725, 0.0, -0.227727] [28532.3, 1072.05, -39025.2]]

    props{
      squad_members:t="t2_aaa_top_light_01"
      squad_members:t="t2_aaa_top_light_02"
      squad_members:t="t2_aaa_top_light_03"
      squad_members:t="t2_aaa_top_light_04"
      squad_members:t="t2_aaa_top_heavy_01"
      squad_members:t="t2_aaa_top_heavy_02"
      squad_members:t="t2_aaa_top_light_05"
      squad_members:t="t2_aaa_top_light_06"
      squad_members:t="t2_aaa_top_light_07"
      squad_members:t="t2_aaa_top_light_08"
      object_marking:i=0
    }
  }
}

areas{

  airfields_area_46_km{
    type:t="Sphere"
    tm:m=[[-63045.3, 0.0, -67002.2] [0.0, 92000.0, 0.0] [67002.2, 0.0, -63045.3] [3534.5, 1165.72, 3751.2]]
    objLayer:i=3

    props{
    }
  }

  t2_interceptor_area_top{
    type:t="Sphere"
    tm:m=[[-4561.4, 0.0, -3897.9] [0.0, 6000.0, 0.0] [3897.9, 0.0, -4561.4] [32589.2, 3500.0, -36047.3]]

    props{
    }
  }

  t2_assault_top_spawn{
    type:t="Sphere"
    tm:m=[[-184.762, 0.0, 236.354] [0.0, 300.0, 0.0] [-236.354, 0.0, -184.762] [29340.8, 2500.0, -32246.8]]

    props{
    }
  }

  t2_aaa_fighter_area_top{
    type:t="Sphere"
    tm:m=[[-3040.95, 0.0, -2598.61] [0.0, 4000.0, 0.0] [2598.61, 0.0, -3040.95] [32589.3, 4500.0, -36047.2]]

    props{
    }
  }

  t2_assault_area_top{
    type:t="Sphere"
    tm:m=[[-7602.34, 0.0, -6496.52] [0.0, 10000.0, 0.0] [6496.52, 0.0, -7602.34] [32589.2, 2500.0, -36047.3]]

    props{
    }
  }

  t2_interceptor_top_spawn{
    type:t="Sphere"
    tm:m=[[-184.762, 0.0, 236.354] [0.0, 300.0, 0.0] [-236.354, 0.0, -184.762] [34526.0, 2500.0, -38313.4]]

    props{
    }
  }

  t2_aaa_fighter_top_spawn{
    type:t="Sphere"
    tm:m=[[-184.762, 0.0, 236.354] [0.0, 300.0, 0.0] [-236.354, 0.0, -184.762] [33884.1, 3500.0, -37562.3]]

    props{
    }
  }

  t2_far_bomber_top_spawn{
    type:t="Sphere"
    tm:m=[[-184.762, 0.0, 236.354] [0.0, 300.0, 0.0] [-236.354, 0.0, -184.762] [31290.6, 6000.0, -34527.6]]

    props{
    }
  }

  t2_main_bomber_top_spawn{
    type:t="Sphere"
    tm:m=[[-184.762, 0.0, 236.354] [0.0, 300.0, 0.0] [-236.354, 0.0, -184.762] [30965.4, 5000.0, -34146.9]]

    props{
    }
  }

  t2_far_bomber_area_top{
    type:t="Sphere"
    tm:m=[[-3040.95, 0.0, -2598.61] [0.0, 4000.0, 0.0] [2598.61, 0.0, -3040.95] [32589.3, 6000.0, -36047.2]]

    props{
    }
  }

  t2_main_bomber_area_top{
    type:t="Sphere"
    tm:m=[[-3801.16, 0.0, -3248.25] [0.0, 5000.0, 0.0] [3248.25, 0.0, -3801.16] [32589.3, 5000.0, -36047.2]]

    props{
    }
  }

  t1_interceptor_area_top{
    type:t="Sphere"
    tm:m=[[4780.24, 0.0, 3626.23] [0.0, 6000.0, 0.0] [-3626.23, 0.0, 4780.24] [-26777.0, 3500.01, 40304.4]]

    props{
    }
  }

  t1_assault_top_spawn{
    type:t="Sphere"
    tm:m=[[170.713, 0.0, -246.691] [0.0, 300.0, 0.0] [246.691, 0.0, 170.713] [-23754.7, 2500.0, 36319.9]]

    props{
    }
  }

  t1_aaa_fighter_area_top{
    type:t="Sphere"
    tm:m=[[3186.82, 0.0, 2417.52] [0.0, 4000.0, 0.0] [-2417.52, 0.0, 3186.82] [-26777.0, 4500.0, 40304.4]]

    props{
    }
  }

  t1_assault_area_top{
    type:t="Sphere"
    tm:m=[[7967.02, 0.0, 6043.72] [0.0, 10000.0, 0.0] [-6043.72, 0.0, 7967.02] [-26776.9, 2500.0, 40304.3]]

    props{
    }
  }

  t1_interceptor_top_spawn{
    type:t="Sphere"
    tm:m=[[170.713, 0.0, -246.691] [0.0, 300.0, 0.0] [246.691, 0.0, 170.713] [-28578.8, 2500.0, 42678.9]]

    props{
    }
  }

  t1_aaa_fighter_top_spawn{
    type:t="Sphere"
    tm:m=[[170.713, 0.0, -246.691] [0.0, 300.0, 0.0] [246.691, 0.0, 170.713] [-27981.8, 3500.0, 41892.0]]

    props{
    }
  }

  t1_far_bomber_top_spawn{
    type:t="Sphere"
    tm:m=[[170.713, 0.0, -246.691] [0.0, 300.0, 0.0] [246.691, 0.0, 170.713] [-25569.0, 6000.01, 38711.4]]

    props{
    }
  }

  t1_main_bomber_top_spawn{
    type:t="Sphere"
    tm:m=[[170.713, 0.0, -246.691] [0.0, 300.0, 0.0] [246.691, 0.0, 170.713] [-25266.3, 5000.0, 38312.5]]

    props{
    }
  }

  t1_far_bomber_area_top{
    type:t="Sphere"
    tm:m=[[3186.82, 0.0, 2417.52] [0.0, 4000.0, 0.0] [-2417.52, 0.0, 3186.82] [-26777.0, 6000.0, 40304.4]]

    props{
    }
  }

  t1_main_bomber_area_top{
    type:t="Sphere"
    tm:m=[[3983.49, 0.0, 3021.85] [0.0, 5000.0, 0.0] [-3021.85, 0.0, 3983.49] [-26777.0, 5000.0, 40304.4]]

    props{
    }
  }

  t1_common_fighters_top_spawn{
    type:t="Sphere"
    tm:m=[[170.713, 0.0, -246.691] [0.0, 300.0, 0.0] [246.691, 0.0, 170.713] [-28578.8, 2000.01, 42678.9]]

    props{
    }
  }

  t2_common_fighters_top_spawn{
    type:t="Sphere"
    tm:m=[[-184.762, 0.0, 236.354] [0.0, 300.0, 0.0] [-236.354, 0.0, -184.762] [34526.0, 2000.0, -38313.4]]

    props{
    }
  }

  t2_assault_additional_top_spawns_area{
    type:t="Sphere"
    tm:m=[[-12317.5, 0.0, 15756.9] [0.0, 20000.0, 0.0] [-15756.9, 0.0, -12317.5] [29340.8, 2500.0, -32246.8]]

    props{
    }
  }

  t2_assault_top_spawn_01{
    type:t="Sphere"
    tm:m=[[-184.762, 0.0, 236.354] [0.0, 300.0, 0.0] [-236.354, 0.0, -184.762] [21462.8, 2500.0, -38405.2]]

    props{
    }
  }

  t2_assault_top_spawn_02{
    type:t="Sphere"
    tm:m=[[-184.762, 0.0, 236.354] [0.0, 300.0, 0.0] [-236.354, 0.0, -184.762] [37218.6, 2500.0, -26088.3]]

    props{
    }
  }

  t1_assault_additional_top_spawns_area{
    type:t="Sphere"
    tm:m=[[11380.9, 0.0, -16446.1] [0.0, 20000.0, 0.0] [16446.1, 0.0, 11380.9] [-23754.7, 2500.0, 36319.9]]

    props{
    }
  }

  t1_assault_top_spawn_01{
    type:t="Sphere"
    tm:m=[[170.713, 0.0, -246.691] [0.0, 300.0, 0.0] [246.691, 0.0, 170.713] [-15535.6, 2500.0, 42007.4]]

    props{
    }
  }

  t1_assault_top_spawn_02{
    type:t="Sphere"
    tm:m=[[170.713, 0.0, -246.691] [0.0, 300.0, 0.0] [246.691, 0.0, 170.713] [-31978.9, 2500.0, 30629.0]]

    props{
    }
  }
}

objLayers{

  layer{
    enabled:b=yes
  }

  layer{
    enabled:b=yes
  }

  layer{
    enabled:b=yes
  }

  layer{
    enabled:b=no
  }
}

wayPoints{
}