selected_tag:t=""
bin_dump_file:t=""

mission_settings{

  player{
    army:i=1
  }

  player_teamB{
    army:i=2
  }

  mission{
    level:t="levels/air_ladoga.bin"
    type:t="domination"
    environment:t="Day"
    weather:t="clear"
  }
}

imports{
}

triggers{
  isCategory:b=yes
  is_enabled:b=yes
}

mission_objectives{
  isCategory:b=yes
  is_enabled:b=yes
}

variables{
}

dialogs{
}

airfields{
}

effects{
}

units{

  objectGroups{
    name:t="t1_airfield_low"
    tm:m=[[0.805514, 0.0, 0.592577] [0.0, 1.0, 0.0] [-0.592577, 0.0, 0.805514] [8667.4, 16.8785, 9972.61]]
    unit_class:t="dynAF_kh_gol_airfield_gumrak_small"
    objLayer:i=2

    props{
      army:i=1
      active:b=yes
    }
  }

  objectGroups{
    name:t="t2_airfield_low"
    tm:m=[[-0.866334, 0.0, -0.499468] [0.0, 1.0, 0.0] [0.499468, 0.0, -0.866334] [-9955.41, 66.7773, -8057.53]]
    unit_class:t="dynAF_kh_gol_airfield_gumrak_small"
    objLayer:i=2

    props{
      army:i=2
      active:b=yes
    }
  }

  air_defence{
    name:t="t1_aaa_low_light_01"
    tm:m=[[0.785753, 0.0, 0.618539] [0.0, 1.0, 0.0] [-0.618539, 0.0, 0.785753] [9505.0, 671.704, 9845.07]]
    unit_class:t="uk_40mm_bofors_airfield"
    objLayer:i=1
    closed_waypoints:b=no
    isShipSpline:b=no
    shipTurnRadius:r=100.0
    weapons:t=""
    bullets0:t=""
    bullets1:t=""
    bullets2:t=""
    bullets3:t=""
    bulletsCount0:i=0
    bulletsCount1:i=0
    bulletsCount2:i=0
    bulletsCount3:i=0
    crewSkillK:r=0.0
    applyAllMods:b=no

    props{
      army:i=1
      count:i=1
      formation_type:t="rows"
      formation_div:i=3
      formation_step:p2=2.5, 2.0
      formation_noise:p2=0.1, 0.1
      uniqueName:t=""
      attack_type:t="fire_at_will"
    }

    way{
    }
  }

  air_defence{
    name:t="t1_aaa_low_heavy_01"
    tm:m=[[0.785753, 0.0, 0.618539] [0.0, 1.0, 0.0] [-0.618539, 0.0, 0.785753] [8847.8, 655.536, 10713.9]]
    unit_class:t="us_90mm_versus"
    objLayer:i=1
    closed_waypoints:b=no
    isShipSpline:b=no
    shipTurnRadius:r=100.0
    weapons:t=""
    bullets0:t=""
    bullets1:t=""
    bullets2:t=""
    bullets3:t=""
    bulletsCount0:i=0
    bulletsCount1:i=0
    bulletsCount2:i=0
    bulletsCount3:i=0
    crewSkillK:r=0.0
    applyAllMods:b=no

    props{
      army:i=1
      count:i=1
      formation_type:t="rows"
      formation_div:i=3
      formation_step:p2=2.5, 2.0
      formation_noise:p2=0.1, 0.1
      uniqueName:t=""
      attack_type:t="fire_at_will"
    }

    way{
    }
  }

  air_defence{
    name:t="t1_aaa_low_light_02"
    tm:m=[[-0.758026, 0.0, -0.652225] [0.0, 1.0, 0.0] [0.652225, 0.0, -0.758026] [8617.7, 669.522, 10718.3]]
    unit_class:t="uk_40mm_bofors_airfield"
    objLayer:i=1
    closed_waypoints:b=no
    isShipSpline:b=no
    shipTurnRadius:r=100.0
    weapons:t=""
    bullets0:t=""
    bullets1:t=""
    bullets2:t=""
    bullets3:t=""
    bulletsCount0:i=0
    bulletsCount1:i=0
    bulletsCount2:i=0
    bulletsCount3:i=0
    crewSkillK:r=0.0
    applyAllMods:b=no

    props{
      army:i=1
      count:i=1
      formation_type:t="rows"
      formation_div:i=3
      formation_step:p2=2.5, 2.0
      formation_noise:p2=0.1, 0.1
      uniqueName:t=""
      attack_type:t="fire_at_will"
    }

    way{
    }
  }

  air_defence{
    name:t="t1_aaa_low_light_03"
    tm:m=[[0.785753, 0.0, 0.618539] [0.0, 1.0, 0.0] [-0.618539, 0.0, 0.785753] [9163.0, 673.363, 9571.57]]
    unit_class:t="uk_40mm_bofors_airfield"
    objLayer:i=1
    closed_waypoints:b=no
    isShipSpline:b=no
    shipTurnRadius:r=100.0
    weapons:t=""
    bullets0:t=""
    bullets1:t=""
    bullets2:t=""
    bullets3:t=""
    bulletsCount0:i=0
    bulletsCount1:i=0
    bulletsCount2:i=0
    bulletsCount3:i=0
    crewSkillK:r=0.0
    applyAllMods:b=no

    props{
      army:i=1
      count:i=1
      formation_type:t="rows"
      formation_div:i=3
      formation_step:p2=2.5, 2.0
      formation_noise:p2=0.1, 0.1
      uniqueName:t=""
      attack_type:t="fire_at_will"
    }

    way{
    }
  }

  air_defence{
    name:t="t1_aaa_low_light_04"
    tm:m=[[-0.633251, 0.0, -0.773945] [0.0, 1.0, 0.0] [0.773945, 0.0, -0.633251] [8040.8, 672.949, 10321.1]]
    unit_class:t="uk_40mm_bofors_airfield"
    objLayer:i=1
    closed_waypoints:b=no
    isShipSpline:b=no
    shipTurnRadius:r=100.0
    weapons:t=""
    bullets0:t=""
    bullets1:t=""
    bullets2:t=""
    bullets3:t=""
    bulletsCount0:i=0
    bulletsCount1:i=0
    bulletsCount2:i=0
    bulletsCount3:i=0
    crewSkillK:r=0.0
    applyAllMods:b=no

    props{
      army:i=1
      count:i=1
      formation_type:t="rows"
      formation_div:i=3
      formation_step:p2=2.5, 2.0
      formation_noise:p2=0.1, 0.1
      uniqueName:t=""
      attack_type:t="fire_at_will"
    }

    way{
    }
  }

  air_defence{
    name:t="t1_aaa_low_light_05"
    tm:m=[[0.785753, 0.0, 0.618539] [0.0, 1.0, 0.0] [-0.618539, 0.0, 0.785753] [8683.8, 667.716, 9315.66]]
    unit_class:t="uk_40mm_bofors_airfield"
    objLayer:i=1
    closed_waypoints:b=no
    isShipSpline:b=no
    shipTurnRadius:r=100.0
    weapons:t=""
    bullets0:t=""
    bullets1:t=""
    bullets2:t=""
    bullets3:t=""
    bulletsCount0:i=0
    bulletsCount1:i=0
    bulletsCount2:i=0
    bulletsCount3:i=0
    crewSkillK:r=0.0
    applyAllMods:b=no

    props{
      army:i=1
      count:i=1
      formation_type:t="rows"
      formation_div:i=3
      formation_step:p2=2.5, 2.0
      formation_noise:p2=0.1, 0.1
      uniqueName:t=""
      attack_type:t="fire_at_will"
    }

    way{
    }
  }

  air_defence{
    name:t="t1_aaa_low_heavy_02"
    tm:m=[[-0.758026, 0.0, -0.652225] [0.0, 1.0, 0.0] [0.652225, 0.0, -0.758026] [9363.9, 673.72, 9742.36]]
    unit_class:t="us_90mm_versus"
    objLayer:i=1
    closed_waypoints:b=no
    isShipSpline:b=no
    shipTurnRadius:r=100.0
    weapons:t=""
    bullets0:t=""
    bullets1:t=""
    bullets2:t=""
    bullets3:t=""
    bulletsCount0:i=0
    bulletsCount1:i=0
    bulletsCount2:i=0
    bulletsCount3:i=0
    crewSkillK:r=0.0
    applyAllMods:b=no

    props{
      army:i=1
      count:i=1
      formation_type:t="rows"
      formation_div:i=3
      formation_step:p2=2.5, 2.0
      formation_noise:p2=0.1, 0.1
      uniqueName:t=""
      attack_type:t="fire_at_will"
    }

    way{
    }
  }

  air_defence{
    name:t="t1_aaa_low_heavy_03"
    tm:m=[[0.785753, 0.0, 0.618539] [0.0, 1.0, 0.0] [-0.618539, 0.0, 0.785753] [8397.8, 669.724, 10370.2]]
    unit_class:t="us_90mm_versus"
    objLayer:i=1
    closed_waypoints:b=no
    isShipSpline:b=no
    shipTurnRadius:r=100.0
    weapons:t=""
    bullets0:t=""
    bullets1:t=""
    bullets2:t=""
    bullets3:t=""
    bulletsCount0:i=0
    bulletsCount1:i=0
    bulletsCount2:i=0
    bulletsCount3:i=0
    crewSkillK:r=0.0
    applyAllMods:b=no

    props{
      army:i=1
      count:i=1
      formation_type:t="rows"
      formation_div:i=3
      formation_step:p2=2.5, 2.0
      formation_noise:p2=0.1, 0.1
      uniqueName:t=""
      attack_type:t="fire_at_will"
    }

    way{
    }
  }

  air_defence{
    name:t="t1_aaa_low_heavy_04"
    tm:m=[[-0.633251, 0.0, -0.773945] [0.0, 1.0, 0.0] [0.773945, 0.0, -0.633251] [8840.2, 669.826, 9357.32]]
    unit_class:t="us_90mm_versus"
    objLayer:i=1
    closed_waypoints:b=no
    isShipSpline:b=no
    shipTurnRadius:r=100.0
    weapons:t=""
    bullets0:t=""
    bullets1:t=""
    bullets2:t=""
    bullets3:t=""
    bulletsCount0:i=0
    bulletsCount1:i=0
    bulletsCount2:i=0
    bulletsCount3:i=0
    crewSkillK:r=0.0
    applyAllMods:b=no

    props{
      army:i=1
      count:i=1
      formation_type:t="rows"
      formation_div:i=3
      formation_step:p2=2.5, 2.0
      formation_noise:p2=0.1, 0.1
      uniqueName:t=""
      attack_type:t="fire_at_will"
    }

    way{
    }
  }

  air_defence{
    name:t="t1_aaa_low_heavy_05"
    tm:m=[[0.785753, 0.0, 0.618539] [0.0, 1.0, 0.0] [-0.618539, 0.0, 0.785753] [7916.6, 668.554, 9889.87]]
    unit_class:t="us_90mm_versus"
    objLayer:i=1
    closed_waypoints:b=no
    isShipSpline:b=no
    shipTurnRadius:r=100.0
    weapons:t=""
    bullets0:t=""
    bullets1:t=""
    bullets2:t=""
    bullets3:t=""
    bulletsCount0:i=0
    bulletsCount1:i=0
    bulletsCount2:i=0
    bulletsCount3:i=0
    crewSkillK:r=0.0
    applyAllMods:b=no

    props{
      army:i=1
      count:i=1
      formation_type:t="rows"
      formation_div:i=3
      formation_step:p2=2.5, 2.0
      formation_noise:p2=0.1, 0.1
      uniqueName:t=""
      attack_type:t="fire_at_will"
    }

    way{
    }
  }

  air_defence{
    name:t="t2_aaa_low_light_01"
    tm:m=[[0.991526, 0.0, 0.129917] [0.0, 1.0, 0.0] [-0.129917, 0.0, 0.991526] [-10475.0, 532.904, -7971.37]]
    unit_class:t="germ_37mm_flak43_airfield"
    objLayer:i=1
    closed_waypoints:b=no
    isShipSpline:b=no
    shipTurnRadius:r=100.0
    weapons:t=""
    bullets0:t=""
    bullets1:t=""
    bullets2:t=""
    bullets3:t=""
    bulletsCount0:i=0
    bulletsCount1:i=0
    bulletsCount2:i=0
    bulletsCount3:i=0
    crewSkillK:r=0.0
    applyAllMods:b=no

    props{
      army:i=2
      count:i=1
      formation_type:t="rows"
      formation_div:i=3
      formation_step:p2=2.5, 2.0
      formation_noise:p2=0.1, 0.1
      uniqueName:t=""
      attack_type:t="fire_at_will"
    }

    way{
    }
  }

  air_defence{
    name:t="t2_aaa_low_heavy_01"
    tm:m=[[0.991526, 0.0, 0.129917] [0.0, 1.0, 0.0] [-0.129917, 0.0, 0.991526] [-10258.4, 539.289, -8390.27]]
    unit_class:t="germ_88mm_flak36"
    objLayer:i=1
    closed_waypoints:b=no
    isShipSpline:b=no
    shipTurnRadius:r=100.0
    weapons:t=""
    bullets0:t=""
    bullets1:t=""
    bullets2:t=""
    bullets3:t=""
    bulletsCount0:i=0
    bulletsCount1:i=0
    bulletsCount2:i=0
    bulletsCount3:i=0
    crewSkillK:r=0.0
    applyAllMods:b=no

    props{
      army:i=2
      count:i=1
      formation_type:t="rows"
      formation_div:i=3
      formation_step:p2=2.5, 2.0
      formation_noise:p2=0.1, 0.1
      uniqueName:t=""
      attack_type:t="fire_at_will"
    }

    way{
    }
  }

  air_defence{
    name:t="t2_aaa_low_light_02"
    tm:m=[[-0.996248, 0.0, -0.0865436] [0.0, 1.0, 0.0] [0.0865436, 0.0, -0.996248] [-10017.9, 573.568, -8374.87]]
    unit_class:t="germ_37mm_flak43_airfield"
    objLayer:i=1
    closed_waypoints:b=no
    isShipSpline:b=no
    shipTurnRadius:r=100.0
    weapons:t=""
    bullets0:t=""
    bullets1:t=""
    bullets2:t=""
    bullets3:t=""
    bulletsCount0:i=0
    bulletsCount1:i=0
    bulletsCount2:i=0
    bulletsCount3:i=0
    crewSkillK:r=0.0
    applyAllMods:b=no

    props{
      army:i=2
      count:i=1
      formation_type:t="rows"
      formation_div:i=3
      formation_step:p2=2.5, 2.0
      formation_noise:p2=0.1, 0.1
      uniqueName:t=""
      attack_type:t="fire_at_will"
    }

    way{
    }
  }

  air_defence{
    name:t="t2_aaa_low_light_03"
    tm:m=[[0.991526, 0.0, 0.129917] [0.0, 1.0, 0.0] [-0.129917, 0.0, 0.991526] [-9952.24, 564.642, -7715.16]]
    unit_class:t="germ_37mm_flak43_airfield"
    objLayer:i=1
    closed_waypoints:b=no
    isShipSpline:b=no
    shipTurnRadius:r=100.0
    weapons:t=""
    bullets0:t=""
    bullets1:t=""
    bullets2:t=""
    bullets3:t=""
    bulletsCount0:i=0
    bulletsCount1:i=0
    bulletsCount2:i=0
    bulletsCount3:i=0
    crewSkillK:r=0.0
    applyAllMods:b=no

    props{
      army:i=2
      count:i=1
      formation_type:t="rows"
      formation_div:i=3
      formation_step:p2=2.5, 2.0
      formation_noise:p2=0.1, 0.1
      uniqueName:t=""
      attack_type:t="fire_at_will"
    }

    way{
    }
  }

  air_defence{
    name:t="t2_aaa_low_light_04"
    tm:m=[[-0.984914, 0.0, -0.173045] [0.0, 1.0, 0.0] [0.173045, 0.0, -0.984914] [-9384.59, 552.852, -7965.15]]
    unit_class:t="germ_37mm_flak43_airfield"
    objLayer:i=1
    closed_waypoints:b=no
    isShipSpline:b=no
    shipTurnRadius:r=100.0
    weapons:t=""
    bullets0:t=""
    bullets1:t=""
    bullets2:t=""
    bullets3:t=""
    bulletsCount0:i=0
    bulletsCount1:i=0
    bulletsCount2:i=0
    bulletsCount3:i=0
    crewSkillK:r=0.0
    applyAllMods:b=no

    props{
      army:i=2
      count:i=1
      formation_type:t="rows"
      formation_div:i=3
      formation_step:p2=2.5, 2.0
      formation_noise:p2=0.1, 0.1
      uniqueName:t=""
      attack_type:t="fire_at_will"
    }

    way{
    }
  }

  air_defence{
    name:t="t2_aaa_low_light_05"
    tm:m=[[0.991526, 0.0, 0.129917] [0.0, 1.0, 0.0] [-0.129917, 0.0, 0.991526] [-9256.07, 510.245, -7151.03]]
    unit_class:t="germ_37mm_flak43_airfield"
    objLayer:i=1
    closed_waypoints:b=no
    isShipSpline:b=no
    shipTurnRadius:r=100.0
    weapons:t=""
    bullets0:t=""
    bullets1:t=""
    bullets2:t=""
    bullets3:t=""
    bulletsCount0:i=0
    bulletsCount1:i=0
    bulletsCount2:i=0
    bulletsCount3:i=0
    crewSkillK:r=0.0
    applyAllMods:b=no

    props{
      army:i=2
      count:i=1
      formation_type:t="rows"
      formation_div:i=3
      formation_step:p2=2.5, 2.0
      formation_noise:p2=0.1, 0.1
      uniqueName:t=""
      attack_type:t="fire_at_will"
    }

    way{
    }
  }

  air_defence{
    name:t="t2_aaa_low_heavy_02"
    tm:m=[[-0.996248, 0.0, -0.0865436] [0.0, 1.0, 0.0] [0.0865436, 0.0, -0.996248] [-10260.0, 554.747, -7714.56]]
    unit_class:t="germ_88mm_flak36"
    objLayer:i=1
    closed_waypoints:b=no
    isShipSpline:b=no
    shipTurnRadius:r=100.0
    weapons:t=""
    bullets0:t=""
    bullets1:t=""
    bullets2:t=""
    bullets3:t=""
    bulletsCount0:i=0
    bulletsCount1:i=0
    bulletsCount2:i=0
    bulletsCount3:i=0
    crewSkillK:r=0.0
    applyAllMods:b=no

    props{
      army:i=2
      count:i=1
      formation_type:t="rows"
      formation_div:i=3
      formation_step:p2=2.5, 2.0
      formation_noise:p2=0.1, 0.1
      uniqueName:t=""
      attack_type:t="fire_at_will"
    }

    way{
    }
  }

  air_defence{
    name:t="t2_aaa_low_heavy_03"
    tm:m=[[0.991526, 0.0, 0.129917] [0.0, 1.0, 0.0] [-0.129917, 0.0, 0.991526] [-9761.97, 567.479, -8147.44]]
    unit_class:t="germ_88mm_flak36"
    objLayer:i=1
    closed_waypoints:b=no
    isShipSpline:b=no
    shipTurnRadius:r=100.0
    weapons:t=""
    bullets0:t=""
    bullets1:t=""
    bullets2:t=""
    bullets3:t=""
    bulletsCount0:i=0
    bulletsCount1:i=0
    bulletsCount2:i=0
    bulletsCount3:i=0
    crewSkillK:r=0.0
    applyAllMods:b=no

    props{
      army:i=2
      count:i=1
      formation_type:t="rows"
      formation_div:i=3
      formation_step:p2=2.5, 2.0
      formation_noise:p2=0.1, 0.1
      uniqueName:t=""
      attack_type:t="fire_at_will"
    }

    way{
    }
  }

  air_defence{
    name:t="t2_aaa_low_heavy_04"
    tm:m=[[-0.984914, 0.0, -0.173045] [0.0, 1.0, 0.0] [0.173045, 0.0, -0.984914] [-9600.92, 512.835, -7371.72]]
    unit_class:t="germ_88mm_flak36"
    objLayer:i=1
    closed_waypoints:b=no
    isShipSpline:b=no
    shipTurnRadius:r=100.0
    weapons:t=""
    bullets0:t=""
    bullets1:t=""
    bullets2:t=""
    bullets3:t=""
    bulletsCount0:i=0
    bulletsCount1:i=0
    bulletsCount2:i=0
    bulletsCount3:i=0
    crewSkillK:r=0.0
    applyAllMods:b=no

    props{
      army:i=2
      count:i=1
      formation_type:t="rows"
      formation_div:i=3
      formation_step:p2=2.5, 2.0
      formation_noise:p2=0.1, 0.1
      uniqueName:t=""
      attack_type:t="fire_at_will"
    }

    way{
    }
  }

  air_defence{
    name:t="t2_aaa_low_heavy_05"
    tm:m=[[0.991526, 0.0, 0.129917] [0.0, 1.0, 0.0] [-0.129917, 0.0, 0.991526] [-8935.27, 520.06, -7835.21]]
    unit_class:t="germ_88mm_flak36"
    objLayer:i=1
    closed_waypoints:b=no
    isShipSpline:b=no
    shipTurnRadius:r=100.0
    weapons:t=""
    bullets0:t=""
    bullets1:t=""
    bullets2:t=""
    bullets3:t=""
    bulletsCount0:i=0
    bulletsCount1:i=0
    bulletsCount2:i=0
    bulletsCount3:i=0
    crewSkillK:r=0.0
    applyAllMods:b=no

    props{
      army:i=2
      count:i=1
      formation_type:t="rows"
      formation_div:i=3
      formation_step:p2=2.5, 2.0
      formation_noise:p2=0.1, 0.1
      uniqueName:t=""
      attack_type:t="fire_at_will"
    }

    way{
    }
  }

  squad{
    name:t="t1_def_aaa_low_squad"
    tm:m=[[0.826326, 0.0, 0.56319] [0.0, 1.0, 0.0] [-0.56319, 0.0, 0.826326] [10984.7, 231.489, -4750.1]]

    props{
      squad_members:t="t1_aaa_low_light_01"
      squad_members:t="t1_aaa_low_heavy_01"
      squad_members:t="t1_aaa_low_light_02"
      squad_members:t="t1_aaa_low_light_03"
      squad_members:t="t1_aaa_low_light_04"
      squad_members:t="t1_aaa_low_light_05"
      squad_members:t="t1_aaa_low_heavy_02"
      squad_members:t="t1_aaa_low_heavy_03"
      squad_members:t="t1_aaa_low_heavy_04"
      squad_members:t="t1_aaa_low_heavy_05"
      object_marking:i=0
    }
  }

  squad{
    name:t="t2_def_aaa_low_squad"
    tm:m=[[0.970694, 0.0, 0.240318] [0.0, 1.0, 0.0] [-0.240318, 0.0, 0.970694] [-9987.62, 572.538, -8985.97]]

    props{
      squad_members:t="t2_aaa_low_light_01"
      squad_members:t="t2_aaa_low_heavy_01"
      squad_members:t="t2_aaa_low_light_02"
      squad_members:t="t2_aaa_low_light_03"
      squad_members:t="t2_aaa_low_light_04"
      squad_members:t="t2_aaa_low_light_05"
      squad_members:t="t2_aaa_low_heavy_02"
      squad_members:t="t2_aaa_low_heavy_03"
      squad_members:t="t2_aaa_low_heavy_04"
      squad_members:t="t2_aaa_low_heavy_05"
      object_marking:i=0
    }
  }
}

areas{

  t1_interceptor_area_low{
    type:t="Sphere"
    tm:m=[[3571.43, 0.0, -4821.29] [0.0, 6000.0, 0.0] [4821.29, 0.0, 3571.43] [8769.2, 2000.0, 9959.19]]

    props{
    }
  }

  t1_assault_low_spawn{
    type:t="Sphere"
    tm:m=[[-248.625, 0.0, -167.886] [0.0, 300.0, 0.0] [167.886, 0.0, -248.625] [4752.16, 1000.0, 6982.85]]

    props{
    }
  }

  t1_aaa_fighter_area_low{
    type:t="Sphere"
    tm:m=[[2380.95, 0.0, -3214.21] [0.0, 4000.0, 0.0] [3214.21, 0.0, 2380.95] [8769.2, 3000.0, 9959.19]]

    props{
    }
  }

  t1_assault_area_low{
    type:t="Sphere"
    tm:m=[[5952.38, 0.0, -8035.49] [0.0, 10000.0, 0.0] [8035.49, 0.0, 5952.38] [8769.2, 1000.0, 9959.19]]

    props{
    }
  }

  t1_interceptor_low_spawn{
    type:t="Sphere"
    tm:m=[[-248.625, 0.0, -167.886] [0.0, 300.0, 0.0] [167.886, 0.0, -248.625] [11164.4, 1000.0, 11733.8]]

    props{
    }
  }

  t1_aaa_fighter_low_spawn{
    type:t="Sphere"
    tm:m=[[-248.625, 0.0, -167.886] [0.0, 300.0, 0.0] [167.886, 0.0, -248.625] [10370.6, 2000.0, 11145.8]]

    props{
    }
  }

  t1_far_bomber_low_spawn{
    type:t="Sphere"
    tm:m=[[-248.625, 0.0, -167.886] [0.0, 300.0, 0.0] [167.886, 0.0, -248.625] [7161.3, 4499.99, 8769.25]]

    props{
    }
  }

  t1_main_bomber_low_spawn{
    type:t="Sphere"
    tm:m=[[-248.625, 0.0, -167.886] [0.0, 300.0, 0.0] [167.886, 0.0, -248.625] [6757.3, 3499.99, 8470.99]]

    props{
    }
  }

  t1_far_bomber_area_low{
    type:t="Sphere"
    tm:m=[[2380.95, 0.0, -3214.21] [0.0, 4000.0, 0.0] [3214.21, 0.0, 2380.95] [8769.2, 4500.0, 9959.19]]

    props{
    }
  }

  t1_main_bomber_area_low{
    type:t="Sphere"
    tm:m=[[2976.19, 0.0, -4017.75] [0.0, 5000.0, 0.0] [4017.75, 0.0, 2976.19] [8769.2, 3500.0, 9959.19]]

    props{
    }
  }

  t2_interceptor_area_low{
    type:t="Sphere"
    tm:m=[[-1835.98, 0.0, 5712.19] [0.0, 6000.0, 0.0] [-5712.19, 0.0, -1835.98] [-10075.9, 2000.0, -8025.83]]

    props{
    }
  }

  t2_assault_low_spawn{
    type:t="Sphere"
    tm:m=[[289.342, 0.0, 79.2527] [0.0, 300.0, 0.0] [-79.2527, 0.0, 289.342] [-5315.13, 1000.0, -6495.57]]

    props{
    }
  }

  t2_aaa_fighter_area_low{
    type:t="Sphere"
    tm:m=[[-1223.98, 0.0, 3808.13] [0.0, 4000.0, 0.0] [-3808.13, 0.0, -1223.98] [-10076.0, 3000.0, -8025.76]]

    props{
    }
  }

  t2_assault_area_low{
    type:t="Sphere"
    tm:m=[[-3059.95, 0.0, 9520.32] [0.0, 10000.0, 0.0] [-9520.32, 0.0, -3059.95] [-10076.0, 1000.0, -8025.76]]

    props{
    }
  }

  t2_interceptor_low_spawn{
    type:t="Sphere"
    tm:m=[[289.342, 0.0, 79.2527] [0.0, 300.0, 0.0] [-79.2527, 0.0, 289.342] [-12914.0, 1000.0, -8938.22]]

    props{
    }
  }

  t2_aaa_fighter_low_spawn{
    type:t="Sphere"
    tm:m=[[289.342, 0.0, 79.2527] [0.0, 300.0, 0.0] [-79.2527, 0.0, 289.342] [-11973.5, 2000.0, -8636.03]]

    props{
    }
  }

  t2_far_bomber_low_spawn{
    type:t="Sphere"
    tm:m=[[289.342, 0.0, 79.2527] [0.0, 300.0, 0.0] [-79.2527, 0.0, 289.342] [-8172.66, 4500.0, -7414.25]]

    props{
    }
  }

  t2_main_bomber_low_spawn{
    type:t="Sphere"
    tm:m=[[289.342, 0.0, 79.2527] [0.0, 300.0, 0.0] [-79.2527, 0.0, 289.342] [-7696.0, 3500.0, -7261.17]]

    props{
    }
  }

  t2_far_bomber_area_low{
    type:t="Sphere"
    tm:m=[[-1223.98, 0.0, 3808.13] [0.0, 4000.0, 0.0] [-3808.13, 0.0, -1223.98] [-10076.0, 4500.0, -8025.76]]

    props{
    }
  }

  t2_main_bomber_area_low{
    type:t="Sphere"
    tm:m=[[-1529.98, 0.0, 4760.16] [0.0, 5000.0, 0.0] [-4760.16, 0.0, -1529.98] [-10075.9, 3500.0, -8025.83]]

    props{
    }
  }

  airfields_area_12km{
    type:t="Sphere"
    tm:m=[[14443.5, 0.0, -19167.2] [0.0, 24000.0, 0.0] [19167.2, 0.0, 14443.5] [0.0, 637.548, 0.0]]
    objLayer:i=3

    props{
    }
  }

  t2_airfield_low_bombing_zone{
    type:t="Box"
    tm:m=[[-1725.58, 0.0, -1011.12] [0.0, 300.0, 0.0] [379.171, 7.34303e-06, -647.093] [-10117.8, 34.0568, -7990.5]]
    objLayer:i=0

    props{
    }
  }

  t1_airfield_low_bombing_zone{
    type:t="Box"
    tm:m=[[-1585.89, 0.0, -1218.59] [0.0, 300.0, 0.0] [456.971, 7.34302e-06, -594.707] [8786.9, 27.7387, 9891.95]]
    objLayer:i=0

    props{
    }
  }

  t2_common_fighters_low_spawn{
    type:t="Sphere"
    tm:m=[[289.342, 0.0, 79.2527] [0.0, 300.0, 0.0] [-79.2527, 0.0, 289.342] [-12914.0, 500.003, -8938.22]]

    props{
    }
  }

  t1_common_fighters_low_spawn{
    type:t="Sphere"
    tm:m=[[-248.625, 0.0, -167.886] [0.0, 300.0, 0.0] [167.886, 0.0, -248.625] [11164.4, 500.004, 11733.8]]

    props{
    }
  }
}

objLayers{

  layer{
    enabled:b=yes
  }

  layer{
    enabled:b=yes
  }

  layer{
    enabled:b=yes
  }

  layer{
    enabled:b=yes
  }

  layer{
    enabled:b=yes
  }
}

wayPoints{
}