selected_tag:t=""
bin_dump_file:t=""

mission_settings{

  player{
    army:i=1
  }

  player_teamB{
    army:i=2
  }

  mission{
    type:t="domination"
    level:t="levels/stalingrad.bin"
    environment:t="Day"
    weather:t="hazy"
  }
}

imports{
}

triggers{
  isCategory:b=yes
  is_enabled:b=yes

  mid_airfields_init{
    is_enabled:b=yes
    comments:t=""

    props{
      actionsType:t="PERFORM_ONE_BY_ONE"
      conditionsType:t="ALL"
      enableAfterComplete:b=no
    }

    events{

      initMission{
      }
    }

    conditions{
    }

    actions{

      varSetString{
        value:t="mid_capture_area_01"
        var:t="capture_zone_01_name"
      }

      varSetString{
        value:t="mid_capture_area_02"
        var:t="capture_zone_02_name"
      }

      varSetString{
        value:t="mid_capture_area_03"
        var:t="capture_zone_03_name"
      }

      varSetString{
        value:t="mid_airfield_01"
        var:t="airfield_01_name"
      }

      varSetString{
        value:t="mid_airfield_02"
        var:t="airfield_02_name"
      }

      varSetString{
        value:t="mid_airfield_02_01"
        var:t="airfield_spawn_t1"
      }

      varSetString{
        value:t="mid_airfield_02_02"
        var:t="airfield_spawn_t2"
      }

      missionMarkAsRespawnPoint{
        loc_name:t="missions/airfield_spawn"
        spawnEffect:b=no
        isStrictSpawn:b=no
        resetStrictSpawnIndex:b=no
        isAirfield:b=yes
        isUnit:b=no
        forceCreate:b=no
        useExisting:b=no
        ignoreTeamsOnReuse:b=no
        isIndividual:b=no
        onlyOnePlayerPerSpawnPoint:b=no
        removeAreas:b=no
        replaceAreas:b=no
        canSpawnOnNeutral:b=no
        showOnMap:b=yes
        radius:r=-1.0
        target:t="@airfield_spawn_t1"
        team:t="A"

        tags{
          type_bomber:b=yes
          type_fighter:b=yes
          type_assault:b=yes
        }
      }

      missionMarkAsRespawnPoint{
        loc_name:t="missions/airfield_spawn"
        spawnEffect:b=no
        isStrictSpawn:b=no
        resetStrictSpawnIndex:b=no
        isAirfield:b=yes
        isUnit:b=no
        forceCreate:b=no
        useExisting:b=no
        ignoreTeamsOnReuse:b=no
        isIndividual:b=no
        onlyOnePlayerPerSpawnPoint:b=no
        removeAreas:b=no
        replaceAreas:b=no
        canSpawnOnNeutral:b=no
        showOnMap:b=yes
        radius:r=-1.0
        target:t="@airfield_spawn_t2"
        team:t="B"

        tags{
          type_bomber:b=yes
          type_fighter:b=yes
          type_assault:b=yes
        }
      }

      unitSetProperties{
        object:t="t1_def_aaa_mid_squad"
        object:t="t2_def_aaa_mid_squad"
        object_marking:i=0
        object_var_name:t=""
        object_var_comp_op:t="equal"
        object_var_value:i=0
        accuracy:r=0.9
        checkVisibilityTarget:b=yes
        effShootingRate:r=1.0
        airEffShootingRate:r=1.0
        useSearchRadar:b=yes
        fireRandom:b=yes
        targetChangeInterval:r=5.0
        targetChangeProb:r=0.25
      }

      missionMarkAsCaptureZone{
        army:i=0
        timeMultiplier:r=0.14
        disableZone:b=no
        name_for_respawn_base:t=""
        target:t="@capture_zone_01_name"
        canCaptureOnGround:b=yes
        canCaptureInAir:b=no
        canCaptureByGM:b=yes
        airfield:t="@airfield_01_name"

        zoneDefenders{
        }
      }

      missionMarkAsCaptureZone{
        army:i=0
        timeMultiplier:r=0.75
        disableZone:b=no
        name_for_respawn_base:t=""
        target:t="@capture_zone_03_name"
        canCaptureOnGround:b=no
        canCaptureInAir:b=yes
        canCaptureByGM:b=no

        zoneDefenders{
        }
      }

      missionMarkAsCaptureZone{
        army:i=0
        timeMultiplier:r=0.14
        disableZone:b=no
        name_for_respawn_base:t=""
        target:t="@capture_zone_02_name"
        canCaptureOnGround:b=yes
        canCaptureInAir:b=no
        canCaptureByGM:b=yes
        airfield:t="@airfield_02_name"

        zoneDefenders{
        }
      }
    }

    else_actions{
    }
  }
}

mission_objectives{
  isCategory:b=yes
  is_enabled:b=yes
}

variables{
}

dialogs{
}

airfields{
}

effects{
}

units{

  objectGroups{
    name:t="mid_airfield_01"
    tm:m=[[-0.999942, 0.0, -0.0107491] [0.0, 1.0, 0.0] [0.0107491, 0.0, -0.999942] [-3234.2, 281.043, -11694.8]]
    unit_class:t="dynaf_universal_1line_a"
    objLayer:i=4

    props{
      army:i=0
      active:b=yes
    }
  }

  objectGroups{
    name:t="mid_airfield_02"
    tm:m=[[-0.999942, 0.0, -0.0107491] [0.0, 1.0, 0.0] [0.0107491, 0.0, -0.999942] [-3363.03, 252.829, 289.718]]
    unit_class:t="dynaf_universal_1line_a"
    objLayer:i=4

    props{
      army:i=0
      active:b=yes
    }
  }

  objectGroups{
    name:t="mid_airfield_02_01"
    tm:m=[[0.996847, 0.0, -0.0793509] [0.0, 1.0, 0.0] [0.0793509, 0.0, 0.996847] [5236.95, 368.497, -6098.1]]
    unit_class:t="dynaf_universal_1line_a"
    objLayer:i=4

    props{
      army:i=1
      active:b=yes
    }
  }

  objectGroups{
    name:t="mid_airfield_02_02"
    tm:m=[[-0.999441, 0.0, -0.0334274] [0.0, 1.0, 0.0] [0.0334274, 0.0, -0.999441] [-12047.0, 304.793, -5416.75]]
    unit_class:t="dynaf_universal_1line_a"
    objLayer:i=4

    props{
      army:i=2
      active:b=yes
    }
  }

  air_defence{
    name:t="t1_aaa_mid_light_01"
    tm:m=[[-0.995895, 0.0, -0.090511] [0.0, 1.0, 0.0] [0.090511, 0.0, -0.995895] [4458.47, 368.497, -5759.57]]
    unit_class:t="germ_37mm_flak43_airfield"
    objLayer:i=1
    closed_waypoints:b=no
    isShipSpline:b=no
    shipTurnRadius:r=100.0
    weapons:t=""
    bullets0:t=""
    bullets1:t=""
    bullets2:t=""
    bullets3:t=""
    bulletsCount0:i=0
    bulletsCount1:i=0
    bulletsCount2:i=0
    bulletsCount3:i=0
    crewSkillK:r=0.0
    applyAllMods:b=no

    props{
      army:i=1
      count:i=1
      formation_type:t="rows"
      formation_div:i=3
      formation_step:p2=2.5, 2.0
      formation_noise:p2=0.1, 0.1
      uniqueName:t=""
      attack_type:t="fire_at_will"
    }

    way{
    }
  }

  air_defence{
    name:t="t1_aaa_mid_heavy_01"
    tm:m=[[-0.931597, 0.0, -0.363489] [0.0, 1.0, 0.0] [0.363489, 0.0, -0.931597] [4636.56, 368.497, -6343.33]]
    unit_class:t="ussr_85mm_52k"
    objLayer:i=1
    closed_waypoints:b=no
    isShipSpline:b=no
    shipTurnRadius:r=100.0
    weapons:t=""
    bullets0:t=""
    bullets1:t=""
    bullets2:t=""
    bullets3:t=""
    bulletsCount0:i=0
    bulletsCount1:i=0
    bulletsCount2:i=0
    bulletsCount3:i=0
    crewSkillK:r=0.0
    applyAllMods:b=no

    props{
      army:i=1
      count:i=1
      formation_type:t="rows"
      formation_div:i=3
      formation_step:p2=2.5, 2.0
      formation_noise:p2=0.1, 0.1
      uniqueName:t=""
      attack_type:t="fire_at_will"
    }

    way{
    }
  }

  air_defence{
    name:t="t1_aaa_mid_light_02"
    tm:m=[[0.914856, 0.0, 0.403779] [0.0, 1.0, 0.0] [-0.403779, 0.0, 0.914856] [5270.32, 368.497, -6411.37]]
    unit_class:t="germ_37mm_flak43_airfield"
    objLayer:i=1
    closed_waypoints:b=no
    isShipSpline:b=no
    shipTurnRadius:r=100.0
    weapons:t=""
    bullets0:t=""
    bullets1:t=""
    bullets2:t=""
    bullets3:t=""
    bulletsCount0:i=0
    bulletsCount1:i=0
    bulletsCount2:i=0
    bulletsCount3:i=0
    crewSkillK:r=0.0
    applyAllMods:b=no

    props{
      army:i=1
      count:i=1
      formation_type:t="rows"
      formation_div:i=3
      formation_step:p2=2.5, 2.0
      formation_noise:p2=0.1, 0.1
      uniqueName:t=""
      attack_type:t="fire_at_will"
    }

    way{
    }
  }

  air_defence{
    name:t="t1_aaa_mid_light_03"
    tm:m=[[-0.995895, 0.0, -0.090511] [0.0, 1.0, 0.0] [0.090511, 0.0, -0.995895] [5248.54, 368.498, -5780.62]]
    unit_class:t="germ_37mm_flak43_airfield"
    objLayer:i=1
    closed_waypoints:b=no
    isShipSpline:b=no
    shipTurnRadius:r=100.0
    weapons:t=""
    bullets0:t=""
    bullets1:t=""
    bullets2:t=""
    bullets3:t=""
    bulletsCount0:i=0
    bulletsCount1:i=0
    bulletsCount2:i=0
    bulletsCount3:i=0
    crewSkillK:r=0.0
    applyAllMods:b=no

    props{
      army:i=1
      count:i=1
      formation_type:t="rows"
      formation_div:i=3
      formation_step:p2=2.5, 2.0
      formation_noise:p2=0.1, 0.1
      uniqueName:t=""
      attack_type:t="fire_at_will"
    }

    way{
    }
  }

  air_defence{
    name:t="t1_aaa_mid_light_04"
    tm:m=[[0.83084, 0.0, 0.556509] [0.0, 1.0, 0.0] [-0.556509, 0.0, 0.83084] [6018.74, 368.497, -6334.62]]
    unit_class:t="germ_37mm_flak43_airfield"
    objLayer:i=1
    closed_waypoints:b=no
    isShipSpline:b=no
    shipTurnRadius:r=100.0
    weapons:t=""
    bullets0:t=""
    bullets1:t=""
    bullets2:t=""
    bullets3:t=""
    bulletsCount0:i=0
    bulletsCount1:i=0
    bulletsCount2:i=0
    bulletsCount3:i=0
    crewSkillK:r=0.0
    applyAllMods:b=no

    props{
      army:i=1
      count:i=1
      formation_type:t="rows"
      formation_div:i=3
      formation_step:p2=2.5, 2.0
      formation_noise:p2=0.1, 0.1
      uniqueName:t=""
      attack_type:t="fire_at_will"
    }

    way{
    }
  }

  air_defence{
    name:t="t1_aaa_mid_heavy_02"
    tm:m=[[0.990998, 0.0, 0.133866] [0.0, 1.0, 0.0] [-0.133866, 0.0, 0.990998] [5830.23, 368.497, -5859.58]]
    unit_class:t="ussr_85mm_52k"
    objLayer:i=1
    closed_waypoints:b=no
    isShipSpline:b=no
    shipTurnRadius:r=100.0
    weapons:t=""
    bullets0:t=""
    bullets1:t=""
    bullets2:t=""
    bullets3:t=""
    bulletsCount0:i=0
    bulletsCount1:i=0
    bulletsCount2:i=0
    bulletsCount3:i=0
    crewSkillK:r=0.0
    applyAllMods:b=no

    props{
      army:i=1
      count:i=1
      formation_type:t="rows"
      formation_div:i=3
      formation_step:p2=2.5, 2.0
      formation_noise:p2=0.1, 0.1
      uniqueName:t=""
      attack_type:t="fire_at_will"
    }

    way{
    }
  }

  air_defence{
    name:t="t2_aaa_mid_light_01"
    tm:m=[[0.980101, 0.0, 0.198497] [0.0, 1.0, 0.0] [-0.198497, 0.0, 0.980101] [-11384.6, 304.793, -5772.25]]
    unit_class:t="germ_37mm_flak43_airfield"
    objLayer:i=1
    closed_waypoints:b=no
    isShipSpline:b=no
    shipTurnRadius:r=100.0
    weapons:t=""
    bullets0:t=""
    bullets1:t=""
    bullets2:t=""
    bullets3:t=""
    bulletsCount0:i=0
    bulletsCount1:i=0
    bulletsCount2:i=0
    bulletsCount3:i=0
    crewSkillK:r=0.0
    applyAllMods:b=no

    props{
      army:i=2
      count:i=1
      formation_type:t="rows"
      formation_div:i=3
      formation_step:p2=2.5, 2.0
      formation_noise:p2=0.1, 0.1
      uniqueName:t=""
      attack_type:t="fire_at_will"
    }

    way{
    }
  }

  air_defence{
    name:t="t2_aaa_mid_heavy_01"
    tm:m=[[0.886438, 0.0, 0.462843] [0.0, 1.0, 0.0] [-0.462843, 0.0, 0.886438] [-11634.7, 304.793, -5087.76]]
    unit_class:t="ussr_85mm_52k"
    objLayer:i=1
    closed_waypoints:b=no
    isShipSpline:b=no
    shipTurnRadius:r=100.0
    weapons:t=""
    bullets0:t=""
    bullets1:t=""
    bullets2:t=""
    bullets3:t=""
    bulletsCount0:i=0
    bulletsCount1:i=0
    bulletsCount2:i=0
    bulletsCount3:i=0
    crewSkillK:r=0.0
    applyAllMods:b=no

    props{
      army:i=2
      count:i=1
      formation_type:t="rows"
      formation_div:i=3
      formation_step:p2=2.5, 2.0
      formation_noise:p2=0.1, 0.1
      uniqueName:t=""
      attack_type:t="fire_at_will"
    }

    way{
    }
  }

  air_defence{
    name:t="t2_aaa_mid_light_02"
    tm:m=[[-0.865406, 0.0, -0.50107] [0.0, 1.0, 0.0] [0.50107, 0.0, -0.865406] [-12163.3, 304.793, -5122.05]]
    unit_class:t="germ_37mm_flak43_airfield"
    objLayer:i=1
    closed_waypoints:b=no
    isShipSpline:b=no
    shipTurnRadius:r=100.0
    weapons:t=""
    bullets0:t=""
    bullets1:t=""
    bullets2:t=""
    bullets3:t=""
    bulletsCount0:i=0
    bulletsCount1:i=0
    bulletsCount2:i=0
    bulletsCount3:i=0
    crewSkillK:r=0.0
    applyAllMods:b=no

    props{
      army:i=2
      count:i=1
      formation_type:t="rows"
      formation_div:i=3
      formation_step:p2=2.5, 2.0
      formation_noise:p2=0.1, 0.1
      uniqueName:t=""
      attack_type:t="fire_at_will"
    }

    way{
    }
  }

  air_defence{
    name:t="t2_aaa_mid_light_03"
    tm:m=[[0.980101, 0.0, 0.198497] [0.0, 1.0, 0.0] [-0.198497, 0.0, 0.980101] [-12754.6, 304.793, -5033.03]]
    unit_class:t="germ_37mm_flak43_airfield"
    objLayer:i=1
    closed_waypoints:b=no
    isShipSpline:b=no
    shipTurnRadius:r=100.0
    weapons:t=""
    bullets0:t=""
    bullets1:t=""
    bullets2:t=""
    bullets3:t=""
    bulletsCount0:i=0
    bulletsCount1:i=0
    bulletsCount2:i=0
    bulletsCount3:i=0
    crewSkillK:r=0.0
    applyAllMods:b=no

    props{
      army:i=2
      count:i=1
      formation_type:t="rows"
      formation_div:i=3
      formation_step:p2=2.5, 2.0
      formation_noise:p2=0.1, 0.1
      uniqueName:t=""
      attack_type:t="fire_at_will"
    }

    way{
    }
  }

  air_defence{
    name:t="t2_aaa_mid_light_04"
    tm:m=[[-0.765248, 0.0, -0.643733] [0.0, 1.0, 0.0] [0.643733, 0.0, -0.765248] [-12699.5, 304.793, -5773.24]]
    unit_class:t="germ_37mm_flak43_airfield"
    objLayer:i=1
    closed_waypoints:b=no
    isShipSpline:b=no
    shipTurnRadius:r=100.0
    weapons:t=""
    bullets0:t=""
    bullets1:t=""
    bullets2:t=""
    bullets3:t=""
    bulletsCount0:i=0
    bulletsCount1:i=0
    bulletsCount2:i=0
    bulletsCount3:i=0
    crewSkillK:r=0.0
    applyAllMods:b=no

    props{
      army:i=2
      count:i=1
      formation_type:t="rows"
      formation_div:i=3
      formation_step:p2=2.5, 2.0
      formation_noise:p2=0.1, 0.1
      uniqueName:t=""
      attack_type:t="fire_at_will"
    }

    way{
    }
  }

  air_defence{
    name:t="t2_aaa_mid_heavy_02"
    tm:m=[[-0.970511, 0.0, -0.24106] [0.0, 1.0, 0.0] [0.24106, 0.0, -0.970511] [-11879.2, 304.793, -5743.47]]
    unit_class:t="ussr_85mm_52k"
    objLayer:i=1
    closed_waypoints:b=no
    isShipSpline:b=no
    shipTurnRadius:r=100.0
    weapons:t=""
    bullets0:t=""
    bullets1:t=""
    bullets2:t=""
    bullets3:t=""
    bulletsCount0:i=0
    bulletsCount1:i=0
    bulletsCount2:i=0
    bulletsCount3:i=0
    crewSkillK:r=0.0
    applyAllMods:b=no

    props{
      army:i=2
      count:i=1
      formation_type:t="rows"
      formation_div:i=3
      formation_step:p2=2.5, 2.0
      formation_noise:p2=0.1, 0.1
      uniqueName:t=""
      attack_type:t="fire_at_will"
    }

    way{
    }
  }

  squad{
    name:t="t1_def_aaa_mid_squad"
    tm:m=[[0.844141, 0.0, -0.536122] [0.0, 1.0, 0.0] [0.536122, 0.0, 0.844141] [4957.79, 368.498, -5711.79]]

    props{
      squad_members:t="t1_aaa_mid_light_01"
      squad_members:t="t1_aaa_mid_light_02"
      squad_members:t="t1_aaa_mid_light_03"
      squad_members:t="t1_aaa_mid_light_04"
      squad_members:t="t1_aaa_mid_heavy_01"
      squad_members:t="t1_aaa_mid_heavy_02"
      object_marking:i=0
    }
  }

  squad{
    name:t="t2_def_aaa_mid_squad"
    tm:m=[[-0.817302, 0.0, 0.576208] [0.0, 1.0, 0.0] [-0.576208, 0.0, -0.817302] [-11085.8, 365.952, -7433.72]]

    props{
      squad_members:t="t2_aaa_mid_light_01"
      squad_members:t="t2_aaa_mid_light_02"
      squad_members:t="t2_aaa_mid_light_03"
      squad_members:t="t2_aaa_mid_light_04"
      squad_members:t="t2_aaa_mid_heavy_01"
      squad_members:t="t2_aaa_mid_heavy_02"
      object_marking:i=0
    }
  }
}

areas{

  mid_capture_area_01{
    type:t="Box"
    tm:m=[[-5.91198, 0.0, 549.968] [0.0, 350.0, 0.0] [-1749.9, 0.0, -18.8109] [-3235.94, 27.1, -11698.5]]
    objLayer:i=3

    props{
    }
  }

  mid_capture_area_02{
    type:t="Box"
    tm:m=[[-5.91198, 0.0, 549.968] [0.0, 350.0, 0.0] [-1749.9, 0.0, -18.8109] [-3364.94, 15.2, 301.948]]
    objLayer:i=3

    props{
    }
  }

  mid_capture_area_03{
    type:t="Cylinder"
    tm:m=[[-21.4982, 0.0, 1999.88] [0.0, 1500.0, 0.0] [-1999.88, 0.0, -21.4982] [-3296.19, 156.35, -5700.62]]
    objLayer:i=4

    props{
    }
  }
}

objLayers{

  layer{
    enabled:b=yes
  }

  layer{
    enabled:b=yes
  }

  layer{
    enabled:b=yes
  }

  layer{
    enabled:b=yes
  }

  layer{
    enabled:b=yes
  }
}

wayPoints{
}