selected_tag:t=""
bin_dump_file:t=""

mission_settings{

  player{
    army:i=1
    wing:t="t1_player01"
  }

  player_teamB{
    army:i=2
  }

  mission{
    level:t="levels/avg_fulda.bin"
    type:t="testFlight"
    environment:t="Day"
    weather:t="hazy"
    locName:t="missions/testDrive"
    openDiffLevels:b=yes
    restoreType:t="manual"
    difficulty:t=""
    optionalTakeOff:b=no
  }

  spectator_points{
  }
}

imports{

  import_record{
    file:t="gameData/missions/training/testFlight/tank/testFlight_template.blk"
    importAreas:b=yes
    importUnits:b=yes
    importTriggers:b=yes
    importMissionObjectives:b=yes
    importWayPoints:b=yes
    showAreas:b=yes
    showUnits:b=yes
    showTriggers:b=yes
    showMissionObjectives:b=yes
    showWayPoints:b=yes

    excludes{
    }
  }
}

triggers{
  isCategory:b=yes
  is_enabled:b=yes
}

mission_objectives{
  isCategory:b=yes
  is_enabled:b=yes
}

variables{
}

dialogs{
}

airfields{
}

effects{
}

units{

  tankModels{
    name:t="t1_player01"
    tm:m=[[-0.0871558, 0.0, -0.996194] [0.0, 1.0, 0.0] [0.996194, 0.0, -0.0871558] [1410.3, 187.382, 2868.4]]
    unit_class:t="us_m1_ip_abrams"
    closed_waypoints:b=no
    isShipSpline:b=no
    shipTurnRadius:r=100.0
    weapons:t=""
    bullets0:t=""
    bullets1:t=""
    bullets2:t=""
    bullets3:t=""
    bulletsCount0:i=10
    bulletsCount1:i=0
    bulletsCount2:i=0
    bulletsCount3:i=0
    crewSkillK:r=0.0

    props{
      army:i=1
      count:i=1
      formation_type:t="rows"
      formation_div:i=3
      formation_step:p2=2.5, 2.0
      formation_noise:p2=0.1, 0.1
      uniqueName:t=""
      attack_type:t="fire_at_will"
    }

    way{
    }
  }

  tankModels{
    name:t="target_tank01"
    tm:m=[[-0.906308, 0.0, 0.422618] [0.0, 1.0, 0.0] [-0.422618, 0.0, -0.906308] [2046.37, 216.918, 2337.7]]
    unit_class:t="ussr_it_1"
    objLayer:i=1
    closed_waypoints:b=no
    isShipSpline:b=no
    shipTurnRadius:r=100.0
    weapons:t=""
    bullets0:t=""
    bullets1:t=""
    bullets2:t=""
    bullets3:t=""
    bulletsCount0:i=100
    bulletsCount1:i=0
    bulletsCount2:i=0
    bulletsCount3:i=0
    crewSkillK:r=0.0

    props{
      army:i=2
      count:i=1
      formation_type:t="rows"
      formation_div:i=3
      formation_step:p2=2.5, 2.0
      formation_noise:p2=0.1, 0.1
      uniqueName:t=""
      attack_type:t="fire_at_will"
    }

    way{
    }
  }

  tankModels{
    name:t="target_tank02"
    tm:m=[[-0.906308, 0.0, 0.422618] [0.0, 1.0, 0.0] [-0.422618, 0.0, -0.906308] [2095.99, 216.918, 2341.14]]
    unit_class:t="ussr_t_62"
    objLayer:i=1
    closed_waypoints:b=no
    isShipSpline:b=no
    shipTurnRadius:r=100.0
    weapons:t=""
    bullets0:t=""
    bullets1:t=""
    bullets2:t=""
    bullets3:t=""
    bulletsCount0:i=100
    bulletsCount1:i=0
    bulletsCount2:i=0
    bulletsCount3:i=0
    crewSkillK:r=0.0

    props{
      army:i=2
      count:i=1
      formation_type:t="rows"
      formation_div:i=3
      formation_step:p2=2.5, 2.0
      formation_noise:p2=0.1, 0.1
      uniqueName:t=""
      attack_type:t="fire_at_will"
    }

    way{
    }
  }

  tankModels{
    name:t="target_tank03"
    tm:m=[[-0.906308, 0.0, 0.422618] [0.0, 1.0, 0.0] [-0.422618, 0.0, -0.906308] [2145.95, 216.918, 2351.48]]
    unit_class:t="ussr_t_55a"
    objLayer:i=1
    closed_waypoints:b=no
    isShipSpline:b=no
    shipTurnRadius:r=100.0
    weapons:t=""
    bullets0:t=""
    bullets1:t=""
    bullets2:t=""
    bullets3:t=""
    bulletsCount0:i=100
    bulletsCount1:i=0
    bulletsCount2:i=0
    bulletsCount3:i=0
    crewSkillK:r=0.0

    props{
      army:i=2
      count:i=1
      formation_type:t="rows"
      formation_div:i=3
      formation_step:p2=2.5, 2.0
      formation_noise:p2=0.1, 0.1
      uniqueName:t=""
      attack_type:t="fire_at_will"
    }

    way{
    }
  }

  tankModels{
    name:t="target_tank05"
    tm:m=[[-0.906308, 0.0, 0.422618] [0.0, 1.0, 0.0] [-0.422618, 0.0, -0.906308] [2221.47, 247.209, 2368.38]]
    unit_class:t="ussr_t_64a_1971"
    objLayer:i=1
    closed_waypoints:b=no
    isShipSpline:b=no
    shipTurnRadius:r=100.0
    weapons:t=""
    bullets0:t=""
    bullets1:t=""
    bullets2:t=""
    bullets3:t=""
    bulletsCount0:i=100
    bulletsCount1:i=0
    bulletsCount2:i=0
    bulletsCount3:i=0
    crewSkillK:r=0.0

    props{
      army:i=2
      count:i=1
      formation_type:t="rows"
      formation_div:i=3
      formation_step:p2=2.5, 2.0
      formation_noise:p2=0.1, 0.1
      uniqueName:t=""
      attack_type:t="fire_at_will"
    }

    way{
    }
  }

  tankModels{
    name:t="target_tank06"
    tm:m=[[0.0871558, 0.0, 0.996195] [0.0, 1.0, 0.0] [-0.996195, 0.0, 0.0871558] [2320.9, 215.417, 2137.43]]
    unit_class:t="ussr_zsu_23_4"
    objLayer:i=1
    closed_waypoints:b=yes
    isShipSpline:b=no
    shipTurnRadius:r=100.0
    weapons:t=""
    bullets0:t=""
    bullets1:t=""
    bullets2:t=""
    bullets3:t=""
    bulletsCount0:i=100
    bulletsCount1:i=0
    bulletsCount2:i=0
    bulletsCount3:i=0
    crewSkillK:r=0.0

    props{
      army:i=2
      count:i=1
      formation_type:t="rows"
      formation_div:i=3
      formation_step:p2=2.5, 2.0
      formation_noise:p2=0.1, 0.1
      uniqueName:t=""
      attack_type:t="fire_at_will"
    }

    way{
    }
  }

  tankModels{
    name:t="target_tank04"
    tm:m=[[-0.906308, 0.0, 0.422618] [0.0, 1.0, 0.0] [-0.422618, 0.0, -0.906308] [2207.38, 216.918, 2350.88]]
    unit_class:t="ussr_t_10m"
    objLayer:i=1
    closed_waypoints:b=no
    isShipSpline:b=no
    shipTurnRadius:r=100.0
    weapons:t=""
    bullets0:t=""
    bullets1:t=""
    bullets2:t=""
    bullets3:t=""
    bulletsCount0:i=100
    bulletsCount1:i=0
    bulletsCount2:i=0
    bulletsCount3:i=0
    crewSkillK:r=0.0

    props{
      army:i=2
      count:i=1
      formation_type:t="rows"
      formation_div:i=3
      formation_step:p2=2.5, 2.0
      formation_noise:p2=0.1, 0.1
      uniqueName:t=""
      attack_type:t="fire_at_will"
    }

    way{
    }
  }

  tankModels{
    name:t="target_tank07"
    tm:m=[[-0.731747, 0.0, 0.681577] [0.0, 1.0, 0.0] [-0.681577, 0.0, -0.731747] [2257.93, 276.294, 2371.94]]
    unit_class:t="ussr_t_90a"
    objLayer:i=1
    closed_waypoints:b=no
    isShipSpline:b=no
    shipTurnRadius:r=100.0
    weapons:t=""
    bullets0:t=""
    bullets1:t=""
    bullets2:t=""
    bullets3:t=""
    bulletsCount0:i=100
    bulletsCount1:i=0
    bulletsCount2:i=0
    bulletsCount3:i=0
    crewSkillK:r=0.0

    props{
      army:i=2
      count:i=1
      formation_type:t="rows"
      formation_div:i=3
      formation_step:p2=2.5, 2.0
      formation_noise:p2=0.1, 0.1
      uniqueName:t=""
      attack_type:t="fire_at_will"
    }

    way{
    }
  }

  squad{
    name:t="target_tanks_squad"
    tm:m=[[0.976296, 0.0, -0.216439] [0.0, 1.0, 0.0] [0.216439, 0.0, 0.976296] [1302.44, 323.391, 1353.73]]

    props{
      object_marking:i=0
      squad_members:t="target_tank01"
      squad_members:t="target_tank02"
      squad_members:t="target_tank03"
      squad_members:t="target_tank04"
      squad_members:t="target_tank05"
      squad_members:t="target_tank06"
      squad_members:t="target_tank07"
    }
  }

  armada{
    name:t="flight_target01"
    tm:m=[[0.902739, 0.0, 0.430192] [0.0, 1.0, 0.0] [-0.430192, 0.0, 0.902739] [802.061, 400.0, 1806.36]]
    unit_class:t="mig-15bis_ns23"
    objLayer:i=1
    closed_waypoints:b=no
    isShipSpline:b=no
    shipTurnRadius:r=100.0
    weapons:t=""
    bullets0:t=""
    bullets1:t=""
    bullets2:t=""
    bullets3:t=""
    bulletsCount0:i=100
    bulletsCount1:i=0
    bulletsCount2:i=0
    bulletsCount3:i=0
    crewSkillK:r=0.0

    props{
      army:i=2
      count:i=1
      free_distance:r=70.0
      floating_distance:r=50.0
      minimum_distance_to_earth:r=20.0
      altLimit:r=6000.0
      attack_type:t="fire_at_will"
      skill:i=4
      isDelayed:b=yes
      speed:r=600.0

      plane{
        wing_formation:t="Diamond"
        row_distances:r=3.0
        col_distances:r=3.0
        super_formation:t="Diamond"
        super_row_distances:r=1.5
        super_col_distances:r=1.5
        ai_skill:t="NORMAL"
        task:t="FLY_WAYPOINT"
      }
    }

    way{
    }
  }
}

areas{

  flight_point{
    type:t="Point"
    tm:m=[[-0.927133, 0.0, -0.374733] [0.0, 1.0, 0.0] [0.374733, 0.0, -0.927133] [1694.84, 400.0, 2432.87]]
    objLayer:i=0

    props{
    }
  }

  spawn_area{
    type:t="Sphere"
    tm:m=[[54.2565, 0.0, 27.6594] [0.0, 60.9, 0.0] [-27.6594, 0.0, 54.2565] [802.018, 400.0, 1806.38]]
    objLayer:i=0

    props{
    }
  }

  spawn01{
    type:t="Point"
    tm:m=[[-0.422618, 0.0, -0.906307] [0.0, 1.0, 0.0] [0.906307, 0.0, -0.422618] [1410.25, 181.3, 2868.4]]
    objLayer:i=0

    props{
    }
  }

  tank_spawn_area01{
    type:t="Sphere"
    tm:m=[[0.461748, 0.0, 0.887012] [0.0, 1.0, 0.0] [-0.887012, 0.0, 0.461748] [1346.35, 185.763, 2557.7]]
    objLayer:i=0

    props{
    }
  }

  tank_spawn_area02{
    type:t="Sphere"
    tm:m=[[0.5, 0.0, 0.866025] [0.0, 1.0, 0.0] [-0.866025, 0.0, 0.5] [1333.85, 193.805, 2319.6]]
    objLayer:i=0

    props{
    }
  }

  tank_spawn_area03{
    type:t="Sphere"
    tm:m=[[0.447759, 0.0, 0.894155] [0.0, 1.0, 0.0] [-0.894155, 0.0, 0.447759] [1357.0, 207.8, 2070.75]]
    objLayer:i=0

    props{
    }
  }

  tank_spawn_area05{
    type:t="Sphere"
    tm:m=[[0.328867, 0.0, 0.944377] [0.0, 1.0, 0.0] [-0.944377, 0.0, 0.328867] [820.35, 194.8, 1723.2]]
    objLayer:i=0

    props{
    }
  }

  tank_spawn_area06{
    type:t="Sphere"
    tm:m=[[0.642788, 0.0, -0.766045] [0.0, 1.0, 0.0] [0.766045, 0.0, 0.642788] [1085.93, 189.25, 2444.07]]
    objLayer:i=0

    props{
    }
  }

  tank_spawn_area04{
    type:t="Sphere"
    tm:m=[[0.34202, 0.0, 0.939693] [0.0, 1.0, 0.0] [-0.939693, 0.0, 0.34202] [974.2, 198.7, 1801.95]]
    objLayer:i=0

    props{
    }
  }

  tank_spawn_area07{
    type:t="Sphere"
    tm:m=[[0.34202, 0.0, 0.939693] [0.0, 1.0, 0.0] [-0.939693, 0.0, 0.34202] [400.0, 221.132, 818.45]]
    objLayer:i=0

    props{
    }
  }

  battlearea{
    type:t="Box"
    tm:m=[[1600.0, 0.0, 0.0] [0.0, 325.8, 0.0] [0.0, -2.20125e-05, 1600.0] [1191.45, 195.4, 2144.4]]
    objLayer:i=3

    props{
    }
  }
}

objLayers{

  layer{
    enabled:b=yes
  }

  layer{
    enabled:b=yes
  }

  layer{
    enabled:b=yes
  }

  layer{
    enabled:b=no
  }
}

wayPoints{

  way_target_tank05{
    closed_waypoints:b=yes
    isShipSpline:b=no
    shipTurnRadius:r=100.0

    way{

      target_tank05_wp_01{
        type:t="normal"
        tm:m=[[1.0, 0.0, 0.0] [0.0, 1.0, 0.0] [0.0, 0.0, 1.0] [1129.8, 193.75, 2404.55]]

        props{
          speed:r=300.0
          moveType:t="MOVETO_STRAIGHT"
          shouldKeepFormation:b=no
          tas:b=no
          canUsePathFinder:b=no
        }
      }

      target_tank05_wp_02{
        type:t="normal"
        tm:m=[[1.0, 0.0, 0.0] [0.0, 1.0, 0.0] [0.0, 0.0, 1.0] [1092.85, 191.3, 2275.55]]

        props{
          speed:r=300.0
          moveType:t="MOVETO_STRAIGHT"
          shouldKeepFormation:b=no
          tas:b=no
          canUsePathFinder:b=no
        }
      }

      target_tank05_wp_03{
        type:t="normal"
        tm:m=[[1.0, 0.0, 0.0] [0.0, 1.0, 0.0] [0.0, 0.0, 1.0] [969.4, 196.45, 2317.8]]

        props{
          speed:r=300.0
          moveType:t="MOVETO_STRAIGHT"
          shouldKeepFormation:b=no
          tas:b=no
          canUsePathFinder:b=no
        }
      }

      target_tank05_wp_04{
        type:t="normal"
        tm:m=[[1.0, 0.0, 0.0] [0.0, 1.0, 0.0] [0.0, 0.0, 1.0] [916.35, 200.1, 2236.25]]

        props{
          speed:r=300.0
          moveType:t="MOVETO_STRAIGHT"
          shouldKeepFormation:b=no
          tas:b=no
          canUsePathFinder:b=no
        }
      }

      target_tank05_wp_05{
        type:t="normal"
        tm:m=[[1.0, 0.0, 0.0] [0.0, 1.0, 0.0] [0.0, 0.0, 1.0] [816.33, 210.168, 2085.08]]

        props{
          speed:r=300.0
          moveType:t="MOVETO_STRAIGHT"
          shouldKeepFormation:b=no
          tas:b=no
          canUsePathFinder:b=no
        }
      }

      target_tank05_wp_06{
        type:t="normal"
        tm:m=[[1.0, 0.0, 0.0] [0.0, 1.0, 0.0] [0.0, 0.0, 1.0] [726.806, 204.9, 1994.81]]

        props{
          speed:r=300.0
          moveType:t="MOVETO_STRAIGHT"
          shouldKeepFormation:b=no
          tas:b=no
          canUsePathFinder:b=no
        }
      }

      target_tank05_wp_07{
        type:t="normal"
        tm:m=[[1.0, 0.0, 0.0] [0.0, 1.0, 0.0] [0.0, 0.0, 1.0] [988.139, 204.15, 2379.05]]

        props{
          speed:r=300.0
          moveType:t="MOVETO_STRAIGHT"
          shouldKeepFormation:b=no
          tas:b=no
          canUsePathFinder:b=no
        }
      }

      target_tank05_wp_09{
        type:t="normal"
        tm:m=[[1.0, 0.0, 0.0] [0.0, 1.0, 0.0] [0.0, 0.0, 1.0] [1070.38, 199.5, 2426.36]]

        props{
          speed:r=300.0
          moveType:t="MOVETO_STRAIGHT"
          shouldKeepFormation:b=no
          tas:b=no
          canUsePathFinder:b=no
        }
      }
    }
  }
}

__viewPoints{

  viewpt_01{
    pos:p3=1410.3, -89.5186, 2867.95
    ht:r=1.4815
  }
}