selected_tag:t=""
bin_dump_file:t=""

mission_settings{

  player{
    army:i=1
  }

  player_teamB{
    army:i=2
  }

  mission{
    level:t="levels/air_smolensk.bin"
    type:t="domination"
    environment:t="Day"
    weather:t="hazy"
    restoreType:t="attempts"
    optionalTakeOff:b=no
  }
}

imports{
}

triggers{
  isCategory:b=yes
  is_enabled:b=yes
}

mission_objectives{
  isCategory:b=yes
  is_enabled:b=yes
}

variables{
}

dialogs{
}

airfields{
}

effects{
}

units{

  objectGroups{
    name:t="bdt_t2_bomb_object_01"
    tm:m=[[0.991917, 0.0, -0.126878] [0.0, 1.0, 0.0] [0.126878, 0.0, 0.991917] [-8367.99, 87.0859, -3838.72]]
    unit_class:t="dynBase_hq_camp_square"
    objLayer:i=2

    props{
      army:i=2
      active:b=no
    }
  }

  objectGroups{
    name:t="bdt_t2_bomb_object_02"
    tm:m=[[0.726319, 0.0, -0.687361] [0.0, 1.0, 0.0] [0.687361, 0.0, 0.726319] [-163.4, 80.4023, -9332.03]]
    unit_class:t="dynBase_fuel_storage_square"
    objLayer:i=2

    props{
      army:i=2
      active:b=no
    }
  }

  objectGroups{
    name:t="bdt_t2_bomb_object_03"
    tm:m=[[0.475953, 0.0, 0.879472] [0.0, 1.0, 0.0] [-0.879472, 0.0, 0.475953] [-1001.14, 68.7588, -7234.33]]
    unit_class:t="dynBase_oil_storage_small_square"
    objLayer:i=2

    props{
      army:i=2
      active:b=no
    }
  }

  objectGroups{
    name:t="bdt_t1_bomb_object_01"
    tm:m=[[0.950161, 0.0, 0.311754] [0.0, 1.0, 0.0] [-0.311754, 0.0, 0.950161] [4422.28, 16.8789, 8220.0]]
    unit_class:t="dynBase_fuel_storage_square"
    objLayer:i=2

    props{
      army:i=1
      active:b=no
    }
  }

  objectGroups{
    name:t="bdt_t1_bomb_object_02"
    tm:m=[[0.489914, 0.0, 0.871769] [0.0, 1.0, 0.0] [-0.871769, 0.0, 0.489914] [1087.43, 16.8838, 7269.08]]
    unit_class:t="dynBase_oil_storage_small_square"
    objLayer:i=2

    props{
      army:i=1
      active:b=no
    }
  }

  objectGroups{
    name:t="bdt_t1_bomb_object_03"
    tm:m=[[0.396127, 0.0, 0.918196] [0.0, 1.0, 0.0] [-0.918196, 0.0, 0.396127] [8404.51, 53.5698, 3860.67]]
    unit_class:t="dynBase_oil_storage_small_square"
    objLayer:i=2

    props{
      army:i=1
      active:b=no
    }
  }

  objectGroups{
    name:t="bdt_t2_bomb_object_04"
    tm:m=[[0.885305, 0.0, 0.46501] [0.0, 1.0, 0.0] [-0.46501, 0.0, 0.885305] [-9268.33, 65.6205, 375.15]]
    unit_class:t="dynBase_ammunition_storage_square"
    objLayer:i=2

    props{
      army:i=2
      active:b=no
    }
  }

  objectGroups{
    name:t="bdt_t1_bomb_object_04"
    tm:m=[[0.692442, 0.0, 0.721474] [0.0, 1.0, 0.0] [-0.721474, 0.0, 0.692442] [9373.5, 50.7329, -315.644]]
    unit_class:t="dynBase_field_camp_square"
    objLayer:i=2

    props{
      army:i=1
      active:b=no
    }
  }

  objectGroups{
    name:t="bdt_t1_bomb_object_05"
    tm:m=[[0.692442, 0.0, 0.721474] [0.0, 1.0, 0.0] [-0.721474, 0.0, 0.692442] [7062.43, 51.7432, -1995.34]]
    unit_class:t="dynBase_military_base_square"
    objLayer:i=2

    props{
      army:i=1
      active:b=no
    }
  }

  objectGroups{
    name:t="bdt_t1_bomb_object_06"
    tm:m=[[0.692442, 0.0, 0.721474] [0.0, 1.0, 0.0] [-0.721474, 0.0, 0.692442] [7238.81, 57.5117, 394.5]]
    unit_class:t="dynBase_oil_storage_large_square"
    objLayer:i=2

    props{
      army:i=1
      active:b=no
    }
  }

  objectGroups{
    name:t="bdt_t1_bomb_object_07"
    tm:m=[[0.692442, 0.0, 0.721474] [0.0, 1.0, 0.0] [-0.721474, 0.0, 0.692442] [6434.66, 54.3457, 3420.48]]
    unit_class:t="dynBase_oil_storage_large_square"
    objLayer:i=2

    props{
      army:i=1
      active:b=no
    }
  }

  objectGroups{
    name:t="bdt_t1_bomb_object_08"
    tm:m=[[0.950161, 0.0, 0.311754] [0.0, 1.0, 0.0] [-0.311754, 0.0, 0.950161] [-1492.69, 16.8789, 7327.47]]
    unit_class:t="dynBase_ammunition_storage_square"
    objLayer:i=2

    props{
      army:i=1
      active:b=no
    }
  }

  objectGroups{
    name:t="bdt_t1_bomb_object_09"
    tm:m=[[0.950161, 0.0, 0.311754] [0.0, 1.0, 0.0] [-0.311754, 0.0, 0.950161] [3738.63, 16.8833, 6180.88]]
    unit_class:t="dynBase_oil_storage_small_square"
    objLayer:i=2

    props{
      army:i=1
      active:b=no
    }
  }

  objectGroups{
    name:t="bdt_t1_bomb_object_10"
    tm:m=[[0.950161, 0.0, 0.311754] [0.0, 1.0, 0.0] [-0.311754, 0.0, 0.950161] [439.686, 16.8818, 9315.62]]
    unit_class:t="dynBase_military_base_square"
    objLayer:i=2

    props{
      army:i=1
      active:b=no
    }
  }

  objectGroups{
    name:t="bdt_t2_bomb_object_05"
    tm:m=[[0.885305, 0.0, 0.46501] [0.0, 1.0, 0.0] [-0.46501, 0.0, 0.885305] [-7051.22, 51.2725, 2083.3]]
    unit_class:t="dynBase_oil_storage_small_square"
    objLayer:i=2

    props{
      army:i=2
      active:b=no
    }
  }

  objectGroups{
    name:t="bdt_t2_bomb_object_06"
    tm:m=[[0.563548, 0.0, 0.826084] [0.0, 1.0, 0.0] [-0.826084, 0.0, 0.563548] [-7222.27, 84.7275, -898.744]]
    unit_class:t="dynBase_military_base_square"
    objLayer:i=2

    props{
      army:i=2
      active:b=no
    }
  }

  objectGroups{
    name:t="bdt_t2_bomb_object_07"
    tm:m=[[0.885305, 0.0, 0.46501] [0.0, 1.0, 0.0] [-0.46501, 0.0, 0.885305] [-6283.09, 68.9199, -3458.52]]
    unit_class:t="dynBase_fuel_storage_square"
    objLayer:i=2

    props{
      army:i=2
      active:b=no
    }
  }

  objectGroups{
    name:t="bdt_t2_bomb_object_08"
    tm:m=[[0.475953, 0.0, 0.879472] [0.0, 1.0, 0.0] [-0.879472, 0.0, 0.475953] [1898.41, 38.0859, -7049.77]]
    unit_class:t="dynBase_ammunition_storage_square"
    objLayer:i=2

    props{
      army:i=2
      active:b=no
    }
  }

  objectGroups{
    name:t="bdt_t2_bomb_object_09"
    tm:m=[[0.475953, 0.0, 0.879472] [0.0, 1.0, 0.0] [-0.879472, 0.0, 0.475953] [-4284.1, 50.9258, -8155.49]]
    unit_class:t="dynBase_field_camp_square"
    objLayer:i=2

    props{
      army:i=2
      active:b=no
    }
  }

  objectGroups{
    name:t="bdt_t2_bomb_object_10"
    tm:m=[[0.475953, 0.0, 0.879472] [0.0, 1.0, 0.0] [-0.879472, 0.0, 0.475953] [-3810.54, 44.9248, -6226.12]]
    unit_class:t="dynBase_oil_storage_small_square"
    objLayer:i=2

    props{
      army:i=2
      active:b=no
    }
  }
}

areas{

  bdt_t2_bomb_zone_01{
    type:t="Sphere"
    tm:m=[[446.364, 0.0, -57.0946] [0.0, 450.0, 0.0] [57.0946, 0.0, 446.364] [-8371.31, 67.7169, -3845.07]]
    objLayer:i=0

    props{
    }
  }

  bdt_t2_bomb_zone_02{
    type:t="Sphere"
    tm:m=[[449.943, 0.0, -7.23696] [0.0, 450.0, 0.0] [7.23696, 0.0, 449.943] [-153.6, 79.6665, -9312.73]]
    objLayer:i=0

    props{
    }
  }

  bdt_t2_bomb_zone_03{
    type:t="Sphere"
    tm:m=[[214.18, 0.0, 395.761] [0.0, 450.0, 0.0] [-395.761, 0.0, 214.18] [-1010.9, 68.6758, -7235.01]]
    objLayer:i=0

    props{
    }
  }

  bdt_t1_bomb_zone_01{
    type:t="Sphere"
    tm:m=[[427.574, 0.0, 140.289] [0.0, 450.0, 0.0] [-140.289, 0.0, 427.574] [4433.06, 16.8788, 8226.8]]
    objLayer:i=0

    props{
    }
  }

  bdt_t1_bomb_zone_02{
    type:t="Sphere"
    tm:m=[[300.145, 0.0, 335.281] [0.0, 450.0, 0.0] [-335.281, 0.0, 300.145] [1088.74, 16.8838, 7273.67]]
    objLayer:i=0

    props{
    }
  }

  bdt_t1_bomb_zone_03{
    type:t="Sphere"
    tm:m=[[322.075, 0.0, 314.272] [0.0, 450.0, 0.0] [-314.272, 0.0, 322.075] [8408.21, 46.5998, 3865.05]]
    objLayer:i=0

    props{
    }
  }

  bdt_t2_bomb_zone_04{
    type:t="Sphere"
    tm:m=[[398.387, 0.0, 209.254] [0.0, 450.0, 0.0] [-209.254, 0.0, 398.387] [-9260.65, 65.621, 377.06]]
    objLayer:i=0

    props{
    }
  }

  bdt_t1_bomb_zone_04{
    type:t="Sphere"
    tm:m=[[322.075, 0.0, 314.272] [0.0, 450.0, 0.0] [-314.272, 0.0, 322.075] [9369.6, 50.7601, -311.324]]
    objLayer:i=0

    props{
    }
  }

  bdt_t1_bomb_zone_05{
    type:t="Sphere"
    tm:m=[[322.075, 0.0, 314.272] [0.0, 450.0, 0.0] [-314.272, 0.0, 322.075] [7058.51, 51.5953, -1991.05]]
    objLayer:i=0

    props{
    }
  }

  bdt_t1_bomb_zone_06{
    type:t="Sphere"
    tm:m=[[322.075, 0.0, 314.272] [0.0, 450.0, 0.0] [-314.272, 0.0, 322.075] [7235.0, 58.1287, 398.82]]
    objLayer:i=0

    props{
    }
  }

  bdt_t1_bomb_zone_07{
    type:t="Sphere"
    tm:m=[[322.075, 0.0, 314.272] [0.0, 450.0, 0.0] [-314.272, 0.0, 322.075] [6430.79, 53.6105, 3424.89]]
    objLayer:i=0

    props{
    }
  }

  bdt_t1_bomb_zone_08{
    type:t="Sphere"
    tm:m=[[427.574, 0.0, 140.289] [0.0, 450.0, 0.0] [-140.289, 0.0, 427.574] [-1481.93, 16.8789, 7334.24]]
    objLayer:i=0

    props{
    }
  }

  bdt_t1_bomb_zone_09{
    type:t="Sphere"
    tm:m=[[427.574, 0.0, 140.289] [0.0, 450.0, 0.0] [-140.289, 0.0, 427.574] [3749.19, 16.8833, 6187.55]]
    objLayer:i=0

    props{
    }
  }

  bdt_t1_bomb_zone_10{
    type:t="Sphere"
    tm:m=[[427.574, 0.0, 140.289] [0.0, 450.0, 0.0] [-140.289, 0.0, 427.574] [450.446, 16.8818, 9322.42]]
    objLayer:i=0

    props{
    }
  }

  bdt_t2_bomb_zone_05{
    type:t="Sphere"
    tm:m=[[398.387, 0.0, 209.254] [0.0, 450.0, 0.0] [-209.254, 0.0, 398.387] [-7043.67, 51.2725, 2085.06]]
    objLayer:i=0

    props{
    }
  }

  bdt_t2_bomb_zone_06{
    type:t="Sphere"
    tm:m=[[253.596, 0.0, 371.738] [0.0, 450.0, 0.0] [-371.738, 0.0, 253.596] [-7216.23, 84.9145, -893.524]]
    objLayer:i=0

    props{
    }
  }

  bdt_t2_bomb_zone_07{
    type:t="Sphere"
    tm:m=[[398.387, 0.0, 209.254] [0.0, 450.0, 0.0] [-209.254, 0.0, 398.387] [-6275.34, 56.8841, -3456.79]]
    objLayer:i=0

    props{
    }
  }

  bdt_t2_bomb_zone_08{
    type:t="Sphere"
    tm:m=[[214.18, 0.0, 395.761] [0.0, 450.0, 0.0] [-395.761, 0.0, 214.18] [1888.68, 38.1635, -7050.32]]
    objLayer:i=0

    props{
    }
  }

  bdt_t2_bomb_zone_09{
    type:t="Sphere"
    tm:m=[[214.18, 0.0, 395.761] [0.0, 450.0, 0.0] [-395.761, 0.0, 214.18] [-4294.0, 50.9028, -8156.32]]
    objLayer:i=0

    props{
    }
  }

  bdt_t2_bomb_zone_10{
    type:t="Sphere"
    tm:m=[[214.18, 0.0, 395.761] [0.0, 450.0, 0.0] [-395.761, 0.0, 214.18] [-3820.1, 48.5248, -6226.79]]
    objLayer:i=0

    props{
    }
  }

  small_bomb_zones_area_9000{
    type:t="Sphere"
    tm:m=[[12390.4, 0.0, -13056.7] [0.0, 18000.0, 0.0] [13056.7, 0.0, 12390.4] [0.0, 369.01, 0.0]]
    objLayer:i=3

    props{
    }
  }

  bdt_t1_bomb_zone_01_aaa_point_01{
    type:t="Point"
    tm:m=[[1.0, 0.0, 0.0] [0.0, 1.0, 0.0] [0.0, 0.0, 1.0] [4584.78, 16.879, 8028.9]]
    objLayer:i=0

    props{
    }
  }

  bdt_t1_bomb_zone_01_aaa_point_02{
    type:t="Point"
    tm:m=[[1.0, 0.0, 0.0] [0.0, 1.0, 0.0] [0.0, 0.0, 1.0] [4620.34, 16.879, 8442.6]]
    objLayer:i=0

    props{
    }
  }

  bdt_t1_bomb_zone_02_aaa_point_01{
    type:t="Point"
    tm:m=[[1.0, 0.0, 0.0] [0.0, 1.0, 0.0] [0.0, 0.0, 1.0] [1191.65, 16.8842, 7026.04]]
    objLayer:i=0

    props{
    }
  }

  bdt_t1_bomb_zone_02_aaa_point_02{
    type:t="Point"
    tm:m=[[1.0, 0.0, 0.0] [0.0, 1.0, 0.0] [0.0, 0.0, 1.0] [1356.81, 16.8842, 7267.67]]
    objLayer:i=0

    props{
    }
  }

  bdt_t1_bomb_zone_03_aaa_point_01{
    type:t="Point"
    tm:m=[[1.0, 0.0, 0.0] [0.0, 1.0, 0.0] [0.0, 0.0, 1.0] [8168.41, 55.9582, 3969.96]]
    objLayer:i=0

    props{
    }
  }

  bdt_t1_bomb_zone_03_aaa_point_02{
    type:t="Point"
    tm:m=[[1.0, 0.0, 0.0] [0.0, 1.0, 0.0] [0.0, 0.0, 1.0] [8688.01, 55.9582, 3890.8]]
    objLayer:i=0

    props{
    }
  }

  bdt_t1_bomb_zone_04_aaa_point_01{
    type:t="Point"
    tm:m=[[1.0, 0.0, 0.0] [0.0, 1.0, 0.0] [0.0, 0.0, 1.0] [9136.4, 51.7938, -143.144]]
    objLayer:i=0

    props{
    }
  }

  bdt_t1_bomb_zone_04_aaa_point_02{
    type:t="Point"
    tm:m=[[1.0, 0.0, 0.0] [0.0, 1.0, 0.0] [0.0, 0.0, 1.0] [9272.3, 51.7937, -569.895]]
    objLayer:i=0

    props{
    }
  }

  bdt_t1_bomb_zone_05_aaa_point_01{
    type:t="Point"
    tm:m=[[1.0, 0.0, 0.0] [0.0, 1.0, 0.0] [0.0, 0.0, 1.0] [7118.08, 30.3721, -1721.85]]
    objLayer:i=0

    props{
    }
  }

  bdt_t1_bomb_zone_05_aaa_point_02{
    type:t="Point"
    tm:m=[[1.0, 0.0, 0.0] [0.0, 1.0, 0.0] [0.0, 0.0, 1.0] [6952.54, 30.3721, -2249.14]]
    objLayer:i=0

    props{
    }
  }

  bdt_t1_bomb_zone_06_aaa_point_01{
    type:t="Point"
    tm:m=[[1.0, 0.0, 0.0] [0.0, 1.0, 0.0] [0.0, 0.0, 1.0] [7095.9, 49.4551, 630.079]]
    objLayer:i=0

    props{
    }
  }

  bdt_t1_bomb_zone_06_aaa_point_02{
    type:t="Point"
    tm:m=[[1.0, 0.0, 0.0] [0.0, 1.0, 0.0] [0.0, 0.0, 1.0] [6990.66, 49.4551, 275.279]]
    objLayer:i=0

    props{
    }
  }

  bdt_t1_bomb_zone_07_aaa_point_01{
    type:t="Point"
    tm:m=[[1.0, 0.0, 0.0] [0.0, 1.0, 0.0] [0.0, 0.0, 1.0] [6189.4, 48.1767, 3401.82]]
    objLayer:i=0

    props{
    }
  }

  bdt_t1_bomb_zone_07_aaa_point_02{
    type:t="Point"
    tm:m=[[1.0, 0.0, 0.0] [0.0, 1.0, 0.0] [0.0, 0.0, 1.0] [6667.13, 48.1767, 3392.0]]
    objLayer:i=0

    props{
    }
  }

  bdt_t1_bomb_zone_08_aaa_point_01{
    type:t="Point"
    tm:m=[[1.0, 0.0, 0.0] [0.0, 1.0, 0.0] [0.0, 0.0, 1.0] [-1734.4, 16.8786, 7305.29]]
    objLayer:i=0

    props{
    }
  }

  bdt_t1_bomb_zone_08_aaa_point_02{
    type:t="Point"
    tm:m=[[1.0, 0.0, 0.0] [0.0, 1.0, 0.0] [0.0, 0.0, 1.0] [-1520.08, 16.8786, 7037.66]]
    objLayer:i=0

    props{
    }
  }

  bdt_t1_bomb_zone_09_aaa_point_01{
    type:t="Point"
    tm:m=[[1.0, 0.0, 0.0] [0.0, 1.0, 0.0] [0.0, 0.0, 1.0] [3975.36, 16.8835, 6415.19]]
    objLayer:i=0

    props{
    }
  }

  bdt_t1_bomb_zone_09_aaa_point_02{
    type:t="Point"
    tm:m=[[1.0, 0.0, 0.0] [0.0, 1.0, 0.0] [0.0, 0.0, 1.0] [3790.69, 16.8834, 5864.74]]
    objLayer:i=0

    props{
    }
  }

  bdt_t2_bomb_zone_10_aaa_point_01{
    type:t="Point"
    tm:m=[[1.0, 0.0, 0.0] [0.0, 1.0, 0.0] [0.0, 0.0, 1.0] [-3551.12, 38.674, -6352.8]]
    objLayer:i=0

    props{
    }
  }

  bdt_t2_bomb_zone_10_aaa_point_02{
    type:t="Point"
    tm:m=[[1.0, 0.0, 0.0] [0.0, 1.0, 0.0] [0.0, 0.0, 1.0] [-3763.89, 38.674, -6605.23]]
    objLayer:i=0

    props{
    }
  }

  bdt_t1_bomb_zone_10_aaa_point_01{
    type:t="Point"
    tm:m=[[1.0, 0.0, 0.0] [0.0, 1.0, 0.0] [0.0, 0.0, 1.0] [242.436, 16.8825, 9070.92]]
    objLayer:i=0

    props{
    }
  }

  bdt_t1_bomb_zone_10_aaa_point_02{
    type:t="Point"
    tm:m=[[1.0, 0.0, 0.0] [0.0, 1.0, 0.0] [0.0, 0.0, 1.0] [969.375, 16.8827, 9286.42]]
    objLayer:i=0

    props{
    }
  }

  bdt_t2_bomb_zone_01_aaa_point_01{
    type:t="Point"
    tm:m=[[1.0, 0.0, 0.0] [0.0, 1.0, 0.0] [0.0, 0.0, 1.0] [-8148.59, 68.5476, -3976.1]]
    objLayer:i=0

    props{
    }
  }

  bdt_t2_bomb_zone_01_aaa_point_02{
    type:t="Point"
    tm:m=[[1.0, 0.0, 0.0] [0.0, 1.0, 0.0] [0.0, 0.0, 1.0] [-8612.18, 68.5477, -3955.89]]
    objLayer:i=0

    props{
    }
  }

  bdt_t2_bomb_zone_02_aaa_point_01{
    type:t="Point"
    tm:m=[[1.0, 0.0, 0.0] [0.0, 1.0, 0.0] [0.0, 0.0, 1.0] [-109.21, 77.0096, -9062.01]]
    objLayer:i=0

    props{
    }
  }

  bdt_t2_bomb_zone_02_aaa_point_02{
    type:t="Point"
    tm:m=[[1.0, 0.0, 0.0] [0.0, 1.0, 0.0] [0.0, 0.0, 1.0] [-84.21, 83.6484, -9634.75]]
    objLayer:i=0

    props{
    }
  }

  bdt_t2_bomb_zone_03_aaa_point_01{
    type:t="Point"
    tm:m=[[1.0, 0.0, 0.0] [0.0, 1.0, 0.0] [0.0, 0.0, 1.0] [-787.363, 72.9518, -7184.55]]
    objLayer:i=0

    props{
    }
  }

  bdt_t2_bomb_zone_03_aaa_point_02{
    type:t="Point"
    tm:m=[[1.0, 0.0, 0.0] [0.0, 1.0, 0.0] [0.0, 0.0, 1.0] [-1242.38, 72.9518, -7299.99]]
    objLayer:i=0

    props{
    }
  }

  bdt_t2_bomb_zone_04_aaa_point_01{
    type:t="Point"
    tm:m=[[1.0, 0.0, 0.0] [0.0, 1.0, 0.0] [0.0, 0.0, 1.0] [-9452.3, 65.6027, 512.119]]
    objLayer:i=0

    props{
    }
  }

  bdt_t2_bomb_zone_04_aaa_point_02{
    type:t="Point"
    tm:m=[[1.0, 0.0, 0.0] [0.0, 1.0, 0.0] [0.0, 0.0, 1.0] [-9566.17, 65.6027, 174.989]]
    objLayer:i=0

    props{
    }
  }

  bdt_t2_bomb_zone_05_aaa_point_01{
    type:t="Point"
    tm:m=[[1.0, 0.0, 0.0] [0.0, 1.0, 0.0] [0.0, 0.0, 1.0] [-6848.56, 51.2725, 1955.28]]
    objLayer:i=0

    props{
    }
  }

  bdt_t2_bomb_zone_05_aaa_point_02{
    type:t="Point"
    tm:m=[[1.0, 0.0, 0.0] [0.0, 1.0, 0.0] [0.0, 0.0, 1.0] [-7264.4, 51.2725, 2179.46]]
    objLayer:i=0

    props{
    }
  }

  bdt_t2_bomb_zone_06_aaa_point_01{
    type:t="Point"
    tm:m=[[1.0, 0.0, 0.0] [0.0, 1.0, 0.0] [0.0, 0.0, 1.0] [-6959.3, 34.5412, -903.894]]
    objLayer:i=0

    props{
    }
  }

  bdt_t2_bomb_zone_06_aaa_point_02{
    type:t="Point"
    tm:m=[[1.0, 0.0, 0.0] [0.0, 1.0, 0.0] [0.0, 0.0, 1.0] [-7563.88, 34.5414, -321.53]]
    objLayer:i=0

    props{
    }
  }

  bdt_t2_bomb_zone_07_aaa_point_01{
    type:t="Point"
    tm:m=[[1.0, 0.0, 0.0] [0.0, 1.0, 0.0] [0.0, 0.0, 1.0] [-6134.14, 53.7492, -3671.24]]
    objLayer:i=0

    props{
    }
  }

  bdt_t2_bomb_zone_07_aaa_point_02{
    type:t="Point"
    tm:m=[[1.0, 0.0, 0.0] [0.0, 1.0, 0.0] [0.0, 0.0, 1.0] [-6546.01, 70.4906, -3390.45]]
    objLayer:i=0

    props{
    }
  }

  bdt_t2_bomb_zone_08_aaa_point_01{
    type:t="Point"
    tm:m=[[1.0, 0.0, 0.0] [0.0, 1.0, 0.0] [0.0, 0.0, 1.0] [1609.62, 42.2376, -7143.28]]
    objLayer:i=0

    props{
    }
  }

  bdt_t2_bomb_zone_08_aaa_point_02{
    type:t="Point"
    tm:m=[[1.0, 0.0, 0.0] [0.0, 1.0, 0.0] [0.0, 0.0, 1.0] [1594.08, 42.2376, -6875.03]]
    objLayer:i=0

    props{
    }
  }

  bdt_t2_bomb_zone_09_aaa_point_01{
    type:t="Point"
    tm:m=[[1.0, 0.0, 0.0] [0.0, 1.0, 0.0] [0.0, 0.0, 1.0] [-4568.89, 44.9994, -8120.0]]
    objLayer:i=0

    props{
    }
  }

  bdt_t2_bomb_zone_09_aaa_point_02{
    type:t="Point"
    tm:m=[[1.0, 0.0, 0.0] [0.0, 1.0, 0.0] [0.0, 0.0, 1.0] [-3966.78, 52.0733, -8209.38]]
    objLayer:i=0

    props{
    }
  }

  small_bomb_zones_area_7000{
    type:t="Sphere"
    tm:m=[[9636.98, 0.0, -10155.2] [0.0, 14000.0, 0.0] [10155.2, 0.0, 9636.98] [0.0, 369.01, 0.0]]
    objLayer:i=3

    props{
    }
  }
}

objLayers{

  layer{
    enabled:b=yes
  }

  layer{
    enabled:b=yes
  }

  layer{
    enabled:b=yes
  }

  layer{
    enabled:b=no
  }

  layer{
    enabled:b=no
  }
}

wayPoints{
}