selected_tag:t=""
bin_dump_file:t=""

mission_settings{

  player{
    army:i=1
  }

  player_teamB{
    army:i=2
  }

  mission{
    level:t="levels/avg_egypt_sinai.bin"
    type:t="domination"
    environment:t="Day"
    weather:t="clear"
  }
}

imports{
}

triggers{
  isCategory:b=yes
  is_enabled:b=yes

  airfileds_top_init{
    is_enabled:b=yes
    comments:t=""

    props{
      actionsType:t="PERFORM_ONE_BY_ONE"
      conditionsType:t="ALL"
      enableAfterComplete:b=no
    }

    events{

      periodicEvent{
        time:r=1.0
      }
    }

    conditions{
    }

    actions{

      unitSetProperties{
        object:t="t1_def_aaa_top_squad"
        object:t="t2_def_aaa_top_squad"
        object_marking:i=0
        object_var_name:t=""
        object_var_comp_op:t="equal"
        object_var_value:i=0
        accuracy:r=0.9
        checkVisibilityTarget:b=yes
        effShootingRate:r=1.0
        airEffShootingRate:r=1.0
        useSearchRadar:b=yes
        fireRandom:b=yes
        targetChangeInterval:r=5.0
        targetChangeProb:r=0.25
      }
    }

    else_actions{
    }
  }
}

mission_objectives{
  isCategory:b=yes
  is_enabled:b=yes
}

variables{
}

dialogs{
}

airfields{
}

effects{
}

units{

  objectGroups{
    name:t="t2_airfield_top"
    tm:m=[[-0.0397091, 0.0, 0.999212] [0.0, 1.0, 0.0] [-0.999212, 0.0, -0.0397091] [-15900.4, 465.06, 56944.0]]
    unit_class:t="dynaf_pg_1line_3000_sand"
    objLayer:i=2

    props{
      army:i=2
      active:b=yes
    }
  }

  objectGroups{
    name:t="t1_airfield_top"
    tm:m=[[0.148575, 0.0, -0.988901] [0.0, 1.0, 0.0] [0.988901, 0.0, 0.148575] [-8320.63, 101.943, -41145.1]]
    unit_class:t="dynaf_pg_1line_3000_sand"
    objLayer:i=2

    props{
      army:i=1
      active:b=yes
    }
  }

  tankModels{
    name:t="t2_aaa_top_light_01"
    tm:m=[[-0.0722834, 0.0, 0.997382] [0.0, 1.0, 0.0] [-0.997382, 0.0, -0.0722834] [-15034.3, 532.875, 58142.0]]
    unit_class:t="sw_veak_40"
    objLayer:i=1
    closed_waypoints:b=no
    isShipSpline:b=no
    shipTurnRadius:r=100.0
    weapons:t=""
    bullets0:t="40mm_sw_kan_HE"
    bullets1:t=""
    bullets2:t=""
    bullets3:t=""
    bulletsCount0:i=0
    bulletsCount1:i=0
    bulletsCount2:i=0
    bulletsCount3:i=0
    crewSkillK:r=0.0
    applyAllMods:b=no

    props{
      army:i=2
      count:i=1
      formation_type:t="rows"
      formation_div:i=3
      formation_step:p2=2.5, 2.0
      formation_noise:p2=0.1, 0.1
      uniqueName:t=""
      attack_type:t="fire_at_will"
    }

    way{
    }
  }

  tankModels{
    name:t="t2_aaa_top_heavy_01"
    tm:m=[[-0.0722834, 0.0, 0.997382] [0.0, 1.0, 0.0] [-0.997382, 0.0, -0.0722834] [-16202.2, 507.294, 58398.0]]
    unit_class:t="fr_amx_30_roland"
    objLayer:i=1
    closed_waypoints:b=no
    isShipSpline:b=no
    shipTurnRadius:r=100.0
    weapons:t=""
    bullets0:t=""
    bullets1:t=""
    bullets2:t=""
    bullets3:t=""
    bulletsCount0:i=0
    bulletsCount1:i=0
    bulletsCount2:i=0
    bulletsCount3:i=0
    crewSkillK:r=0.0
    applyAllMods:b=no

    props{
      army:i=2
      count:i=1
      formation_type:t="rows"
      formation_div:i=3
      formation_step:p2=2.5, 2.0
      formation_noise:p2=0.1, 0.1
      uniqueName:t=""
      attack_type:t="fire_at_will"
    }

    way{
    }
  }

  tankModels{
    name:t="t2_aaa_top_light_02"
    tm:m=[[0.115721, 0.0, -0.993281] [0.0, 1.0, 0.0] [0.993281, 0.0, 0.115721] [-16254.3, 490.71, 57086.1]]
    unit_class:t="sw_veak_40"
    objLayer:i=1
    closed_waypoints:b=no
    isShipSpline:b=no
    shipTurnRadius:r=100.0
    weapons:t=""
    bullets0:t="40mm_sw_kan_HE"
    bullets1:t=""
    bullets2:t=""
    bullets3:t=""
    bulletsCount0:i=0
    bulletsCount1:i=0
    bulletsCount2:i=0
    bulletsCount3:i=0
    crewSkillK:r=0.0
    applyAllMods:b=no

    props{
      army:i=2
      count:i=1
      formation_type:t="rows"
      formation_div:i=3
      formation_step:p2=2.5, 2.0
      formation_noise:p2=0.1, 0.1
      uniqueName:t=""
      attack_type:t="fire_at_will"
    }

    way{
    }
  }

  tankModels{
    name:t="t2_aaa_top_light_03"
    tm:m=[[-0.0722834, 0.0, 0.997382] [0.0, 1.0, 0.0] [-0.997382, 0.0, -0.0722834] [-15012.2, 522.655, 56120.4]]
    unit_class:t="sw_veak_40"
    objLayer:i=1
    closed_waypoints:b=no
    isShipSpline:b=no
    shipTurnRadius:r=100.0
    weapons:t=""
    bullets0:t="40mm_sw_kan_HE"
    bullets1:t=""
    bullets2:t=""
    bullets3:t=""
    bulletsCount0:i=0
    bulletsCount1:i=0
    bulletsCount2:i=0
    bulletsCount3:i=0
    crewSkillK:r=0.0
    applyAllMods:b=no

    props{
      army:i=2
      count:i=1
      formation_type:t="rows"
      formation_div:i=3
      formation_step:p2=2.5, 2.0
      formation_noise:p2=0.1, 0.1
      uniqueName:t=""
      attack_type:t="fire_at_will"
    }

    way{
    }
  }

  tankModels{
    name:t="t2_aaa_top_light_04"
    tm:m=[[0.286445, 0.0, -0.958095] [0.0, 1.0, 0.0] [0.958095, 0.0, 0.286445] [-16288.9, 541.155, 56300.6]]
    unit_class:t="sw_veak_40"
    objLayer:i=1
    closed_waypoints:b=no
    isShipSpline:b=no
    shipTurnRadius:r=100.0
    weapons:t=""
    bullets0:t="40mm_sw_kan_HE"
    bullets1:t=""
    bullets2:t=""
    bullets3:t=""
    bulletsCount0:i=0
    bulletsCount1:i=0
    bulletsCount2:i=0
    bulletsCount3:i=0
    crewSkillK:r=0.0
    applyAllMods:b=no

    props{
      army:i=2
      count:i=1
      formation_type:t="rows"
      formation_div:i=3
      formation_step:p2=2.5, 2.0
      formation_noise:p2=0.1, 0.1
      uniqueName:t=""
      attack_type:t="fire_at_will"
    }

    way{
    }
  }

  tankModels{
    name:t="t2_aaa_top_heavy_02"
    tm:m=[[0.115721, 0.0, -0.993281] [0.0, 1.0, 0.0] [0.993281, 0.0, 0.115721] [-15156.0, 512.767, 57224.7]]
    unit_class:t="fr_amx_30_roland"
    objLayer:i=1
    closed_waypoints:b=no
    isShipSpline:b=no
    shipTurnRadius:r=100.0
    weapons:t=""
    bullets0:t=""
    bullets1:t=""
    bullets2:t=""
    bullets3:t=""
    bulletsCount0:i=0
    bulletsCount1:i=0
    bulletsCount2:i=0
    bulletsCount3:i=0
    crewSkillK:r=0.0
    applyAllMods:b=no

    props{
      army:i=2
      count:i=1
      formation_type:t="rows"
      formation_div:i=3
      formation_step:p2=2.5, 2.0
      formation_noise:p2=0.1, 0.1
      uniqueName:t=""
      attack_type:t="fire_at_will"
    }

    way{
    }
  }

  tankModels{
    name:t="t1_aaa_top_light_01"
    tm:m=[[0.248672, 0.0, 0.968587] [0.0, 1.0, 0.0] [-0.968587, 0.0, 0.248672] [-8631.9, 73.0736, -41860.0]]
    unit_class:t="sw_veak_40"
    objLayer:i=1
    closed_waypoints:b=no
    isShipSpline:b=no
    shipTurnRadius:r=100.0
    weapons:t=""
    bullets0:t="40mm_sw_kan_HE"
    bullets1:t=""
    bullets2:t=""
    bullets3:t=""
    bulletsCount0:i=0
    bulletsCount1:i=0
    bulletsCount2:i=0
    bulletsCount3:i=0
    crewSkillK:r=0.0
    applyAllMods:b=no

    props{
      army:i=1
      count:i=1
      formation_type:t="rows"
      formation_div:i=3
      formation_step:p2=2.5, 2.0
      formation_noise:p2=0.1, 0.1
      uniqueName:t=""
      attack_type:t="fire_at_will"
    }

    way{
    }
  }

  tankModels{
    name:t="t1_aaa_top_heavy_01"
    tm:m=[[0.248672, 0.0, 0.968587] [0.0, 1.0, 0.0] [-0.968587, 0.0, 0.248672] [-7923.17, 77.7978, -42015.5]]
    unit_class:t="fr_amx_30_roland"
    objLayer:i=1
    closed_waypoints:b=no
    isShipSpline:b=no
    shipTurnRadius:r=100.0
    weapons:t=""
    bullets0:t=""
    bullets1:t=""
    bullets2:t=""
    bullets3:t=""
    bulletsCount0:i=0
    bulletsCount1:i=0
    bulletsCount2:i=0
    bulletsCount3:i=0
    crewSkillK:r=0.0
    applyAllMods:b=no

    props{
      army:i=1
      count:i=1
      formation_type:t="rows"
      formation_div:i=3
      formation_step:p2=2.5, 2.0
      formation_noise:p2=0.1, 0.1
      uniqueName:t=""
      attack_type:t="fire_at_will"
    }

    way{
    }
  }

  tankModels{
    name:t="t1_aaa_top_light_02"
    tm:m=[[-0.290686, 0.0, -0.956817] [0.0, 1.0, 0.0] [0.956817, 0.0, -0.290686] [-8042.36, 79.7408, -41134.6]]
    unit_class:t="sw_veak_40"
    objLayer:i=1
    closed_waypoints:b=no
    isShipSpline:b=no
    shipTurnRadius:r=100.0
    weapons:t=""
    bullets0:t="40mm_sw_kan_HE"
    bullets1:t=""
    bullets2:t=""
    bullets3:t=""
    bulletsCount0:i=0
    bulletsCount1:i=0
    bulletsCount2:i=0
    bulletsCount3:i=0
    crewSkillK:r=0.0
    applyAllMods:b=no

    props{
      army:i=1
      count:i=1
      formation_type:t="rows"
      formation_div:i=3
      formation_step:p2=2.5, 2.0
      formation_noise:p2=0.1, 0.1
      uniqueName:t=""
      attack_type:t="fire_at_will"
    }

    way{
    }
  }

  tankModels{
    name:t="t1_aaa_top_light_03"
    tm:m=[[0.248672, 0.0, 0.968587] [0.0, 1.0, 0.0] [-0.968587, 0.0, 0.248672] [-8827.03, 62.6266, -40394.6]]
    unit_class:t="sw_veak_40"
    objLayer:i=1
    closed_waypoints:b=no
    isShipSpline:b=no
    shipTurnRadius:r=100.0
    weapons:t=""
    bullets0:t="40mm_sw_kan_HE"
    bullets1:t=""
    bullets2:t=""
    bullets3:t=""
    bulletsCount0:i=0
    bulletsCount1:i=0
    bulletsCount2:i=0
    bulletsCount3:i=0
    crewSkillK:r=0.0
    applyAllMods:b=no

    props{
      army:i=1
      count:i=1
      formation_type:t="rows"
      formation_div:i=3
      formation_step:p2=2.5, 2.0
      formation_noise:p2=0.1, 0.1
      uniqueName:t=""
      attack_type:t="fire_at_will"
    }

    way{
    }
  }

  tankModels{
    name:t="t1_aaa_top_light_04"
    tm:m=[[-0.206185, 0.0, -0.978514] [0.0, 1.0, 0.0] [0.978514, 0.0, -0.206185] [-8218.97, 142.602, -40129.8]]
    unit_class:t="sw_veak_40"
    objLayer:i=1
    closed_waypoints:b=no
    isShipSpline:b=no
    shipTurnRadius:r=100.0
    weapons:t=""
    bullets0:t="40mm_sw_kan_HE"
    bullets1:t=""
    bullets2:t=""
    bullets3:t=""
    bulletsCount0:i=0
    bulletsCount1:i=0
    bulletsCount2:i=0
    bulletsCount3:i=0
    crewSkillK:r=0.0
    applyAllMods:b=no

    props{
      army:i=1
      count:i=1
      formation_type:t="rows"
      formation_div:i=3
      formation_step:p2=2.5, 2.0
      formation_noise:p2=0.1, 0.1
      uniqueName:t=""
      attack_type:t="fire_at_will"
    }

    way{
    }
  }

  tankModels{
    name:t="t1_aaa_top_heavy_02"
    tm:m=[[-0.290686, 0.0, -0.956817] [0.0, 1.0, 0.0] [0.956817, 0.0, -0.290686] [-8710.61, 66.4959, -41023.8]]
    unit_class:t="fr_amx_30_roland"
    objLayer:i=1
    closed_waypoints:b=no
    isShipSpline:b=no
    shipTurnRadius:r=100.0
    weapons:t=""
    bullets0:t=""
    bullets1:t=""
    bullets2:t=""
    bullets3:t=""
    bulletsCount0:i=0
    bulletsCount1:i=0
    bulletsCount2:i=0
    bulletsCount3:i=0
    crewSkillK:r=0.0
    applyAllMods:b=no

    props{
      army:i=1
      count:i=1
      formation_type:t="rows"
      formation_div:i=3
      formation_step:p2=2.5, 2.0
      formation_noise:p2=0.1, 0.1
      uniqueName:t=""
      attack_type:t="fire_at_will"
    }

    way{
    }
  }

  squad{
    name:t="t2_def_aaa_top_squad"
    tm:m=[[0.648277, 0.0, -0.761405] [0.0, 1.0, 0.0] [0.761405, 0.0, 0.648277] [-54382.1, 231.493, -3293.56]]

    props{
      squad_members:t="t2_aaa_top_light_01"
      squad_members:t="t2_aaa_top_light_02"
      squad_members:t="t2_aaa_top_light_03"
      squad_members:t="t2_aaa_top_light_04"
      squad_members:t="t2_aaa_top_heavy_01"
      squad_members:t="t2_aaa_top_heavy_02"
      object_marking:i=0
    }
  }

  squad{
    name:t="t1_def_aaa_top_squad"
    tm:m=[[0.279522, 0.0, 0.960139] [0.0, 1.0, 0.0] [-0.960139, 0.0, 0.279522] [-228.379, 554.405, -38095.1]]

    props{
      squad_members:t="t1_aaa_top_light_01"
      squad_members:t="t1_aaa_top_light_02"
      squad_members:t="t1_aaa_top_light_03"
      squad_members:t="t1_aaa_top_light_04"
      squad_members:t="t1_aaa_top_heavy_01"
      squad_members:t="t1_aaa_top_heavy_02"
      object_marking:i=0
    }
  }
}

areas{

  t2_interceptor_area_top{
    type:t="Sphere"
    tm:m=[[5997.84, 0.0, -161.071] [0.0, 6000.0, 0.0] [161.071, 0.0, 5997.84] [-15596.3, 3006.39, 56974.3]]

    props{
    }
  }

  t2_assault_top_spawn{
    type:t="Sphere"
    tm:m=[[-21.1262, 0.0, -299.255] [0.0, 300.0, 0.0] [299.255, 0.0, -21.1262] [-15729.9, 2006.39, 51976.5]]

    props{
    }
  }

  t2_aaa_fighter_area_top{
    type:t="Sphere"
    tm:m=[[3998.58, 0.0, -107.378] [0.0, 4000.0, 0.0] [107.378, 0.0, 3998.58] [-15596.3, 4006.39, 56974.2]]

    props{
    }
  }

  t2_assault_area_top{
    type:t="Sphere"
    tm:m=[[9996.41, 0.0, -268.449] [0.0, 10000.0, 0.0] [268.449, 0.0, 9996.41] [-15596.3, 2006.39, 56974.2]]

    props{
    }
  }

  t2_interceptor_top_spawn{
    type:t="Sphere"
    tm:m=[[-21.1262, 0.0, -299.255] [0.0, 300.0, 0.0] [299.255, 0.0, -21.1262] [-15516.5, 2006.39, 59954.2]]

    props{
    }
  }

  t2_aaa_fighter_top_spawn{
    type:t="Sphere"
    tm:m=[[-21.1262, 0.0, -299.255] [0.0, 300.0, 0.0] [299.255, 0.0, -21.1262] [-15542.9, 3006.39, 58966.6]]

    props{
    }
  }

  t2_far_bomber_top_spawn{
    type:t="Sphere"
    tm:m=[[-21.1262, 0.0, -299.255] [0.0, 300.0, 0.0] [299.255, 0.0, -21.1262] [-15650.0, 5506.39, 54976.0]]

    props{
    }
  }

  t2_main_bomber_top_spawn{
    type:t="Sphere"
    tm:m=[[-21.1262, 0.0, -299.255] [0.0, 300.0, 0.0] [299.255, 0.0, -21.1262] [-15663.5, 4506.39, 54475.5]]

    props{
    }
  }

  t2_far_bomber_area_top{
    type:t="Sphere"
    tm:m=[[3998.58, 0.0, -107.378] [0.0, 4000.0, 0.0] [107.378, 0.0, 3998.58] [-15596.3, 5506.39, 56974.2]]

    props{
    }
  }

  t2_main_bomber_area_top{
    type:t="Sphere"
    tm:m=[[4998.19, 0.0, -134.221] [0.0, 5000.0, 0.0] [134.221, 0.0, 4998.19] [-15596.3, 4506.39, 56974.2]]

    props{
    }
  }

  t1_interceptor_area_top{
    type:t="Sphere"
    tm:m=[[-5981.98, 0.0, -464.765] [0.0, 6000.0, 0.0] [464.765, 0.0, -5981.98] [-8385.88, 3000.01, -41210.9]]

    props{
    }
  }

  t1_assault_top_spawn{
    type:t="Sphere"
    tm:m=[[-10.1707, 0.0, 299.826] [0.0, 300.0, 0.0] [-299.826, 0.0, -10.1707] [-8773.01, 2000.0, -36224.9]]

    props{
    }
  }

  t1_aaa_fighter_area_top{
    type:t="Sphere"
    tm:m=[[-3988.0, 0.0, -309.867] [0.0, 4000.0, 0.0] [309.867, 0.0, -3988.0] [-8385.88, 4000.0, -41210.9]]

    props{
    }
  }

  t1_assault_area_top{
    type:t="Sphere"
    tm:m=[[-9969.95, 0.0, -774.632] [0.0, 10000.0, 0.0] [774.632, 0.0, -9969.95] [-8385.95, 2000.0, -41210.8]]

    props{
    }
  }

  t1_interceptor_top_spawn{
    type:t="Sphere"
    tm:m=[[-10.1707, 0.0, 299.826] [0.0, 300.0, 0.0] [-299.826, 0.0, -10.1707] [-8154.58, 2000.0, -44182.6]]

    props{
    }
  }

  t1_aaa_fighter_top_spawn{
    type:t="Sphere"
    tm:m=[[-10.1707, 0.0, 299.826] [0.0, 300.0, 0.0] [-299.826, 0.0, -10.1707] [-8231.15, 3000.0, -43197.9]]

    props{
    }
  }

  t1_far_bomber_top_spawn{
    type:t="Sphere"
    tm:m=[[-10.1707, 0.0, 299.826] [0.0, 300.0, 0.0] [-299.826, 0.0, -10.1707] [-8540.42, 5500.01, -39217.6]]

    props{
    }
  }

  t1_main_bomber_top_spawn{
    type:t="Sphere"
    tm:m=[[-10.1707, 0.0, 299.826] [0.0, 300.0, 0.0] [-299.826, 0.0, -10.1707] [-8579.28, 4500.0, -38718.4]]

    props{
    }
  }

  t1_far_bomber_area_top{
    type:t="Sphere"
    tm:m=[[-3988.0, 0.0, -309.867] [0.0, 4000.0, 0.0] [309.867, 0.0, -3988.0] [-8385.88, 5500.0, -41210.9]]

    props{
    }
  }

  t1_main_bomber_area_top{
    type:t="Sphere"
    tm:m=[[-4984.95, 0.0, -387.323] [0.0, 5000.0, 0.0] [387.323, 0.0, -4984.95] [-8385.87, 4500.0, -41210.9]]

    props{
    }
  }

  airfields_area_46km{
    type:t="Sphere"
    tm:m=[[-91233.7, 0.0, -11849.2] [0.0, 92000.0, 0.0] [11849.2, 0.0, -91233.7] [-18377.3, 847.5, 7875.0]]
    objLayer:i=4

    props{
    }
  }

  t1_common_fighters_top_spawn{
    type:t="Sphere"
    tm:m=[[-10.1707, 0.0, 299.826] [0.0, 300.0, 0.0] [-299.826, 0.0, -10.1707] [-8154.58, 1500.01, -44182.6]]

    props{
    }
  }

  t2_common_fighters_top_spawn{
    type:t="Sphere"
    tm:m=[[-21.1262, 0.0, -299.255] [0.0, 300.0, 0.0] [299.255, 0.0, -21.1262] [-15516.5, 1506.39, 59954.2]]

    props{
    }
  }

  mission_top_border{
    type:t="Box"
    tm:m=[[115200.0, 0.0, -0.000540866] [0.0, 1000.0, 0.0] [0.000540866, 0.0, 115200.0] [-17714.8, 468.85, 6973.75]]
    objLayer:i=4

    props{
    }
  }
}

objLayers{

  layer{
    enabled:b=yes
  }

  layer{
    enabled:b=yes
  }

  layer{
    enabled:b=yes
  }

  layer{
    enabled:b=yes
  }

  layer{
    enabled:b=no
  }
}

wayPoints{
}