selected_tag:t=""
bin_dump_file:t=""

mission_settings{

  player{
    army:i=1
  }

  player_teamB{
    army:i=2
  }

  mission{
    type:t="domination"
    level:t="levels/air_kamchatka.bin"
    environment:t="Day"
    weather:t="hazy"
  }
}

imports{
}

triggers{
  isCategory:b=yes
  is_enabled:b=yes
}

mission_objectives{
  isCategory:b=yes
  is_enabled:b=yes
}

variables{
}

dialogs{
}

airfields{
}

effects{
}

units{

  objectGroups{
    name:t="t1_airfield_reload_high"
    tm:m=[[-0.119307, 0.0, 0.992857] [0.0, 1.0, 0.0] [-0.992857, 0.0, -0.119307] [47803.0, 105.079, 20979.5]]
    unit_class:t="dynaf_pg_1line_3000_green"
    objLayer:i=2

    props{
      army:i=1
      active:b=yes
    }
  }

  objectGroups{
    name:t="t2_airfield_reload_high"
    tm:m=[[-0.0832416, 0.0, -0.996529] [0.0, 1.0, 0.0] [0.996529, 0.0, -0.0832416] [43029.5, 430.149, -18429.3]]
    unit_class:t="dynaf_pg_1line_3000_green"
    objLayer:i=2

    props{
      army:i=2
      active:b=yes
    }
  }

  tankModels{
    name:t="t1_aaa_reload_high_light_01"
    tm:m=[[-0.978681, 0.0, -0.205385] [0.0, 1.0, 0.0] [0.205385, 0.0, -0.978681] [48154.2, 217.717, 20538.6]]
    unit_class:t="sw_veak_40"
    objLayer:i=1
    closed_waypoints:b=no
    isShipSpline:b=no
    shipTurnRadius:r=100.0
    weapons:t=""
    bullets0:t="40mm_sw_kan_HE"
    bullets1:t=""
    bullets2:t=""
    bullets3:t=""
    bulletsCount0:i=0
    bulletsCount1:i=0
    bulletsCount2:i=0
    bulletsCount3:i=0
    crewSkillK:r=0.0
    applyAllMods:b=no

    props{
      army:i=1
      count:i=1
      formation_type:t="rows"
      formation_div:i=3
      formation_step:p2=2.5, 2.0
      formation_noise:p2=0.1, 0.1
      uniqueName:t=""
      attack_type:t="fire_at_will"
    }

    way{
    }
  }

  tankModels{
    name:t="t1_aaa_reload_high_light_02"
    tm:m=[[-0.978681, 0.0, -0.205385] [0.0, 1.0, 0.0] [0.205385, 0.0, -0.978681] [47469.7, 214.448, 20313.2]]
    unit_class:t="sw_veak_40"
    objLayer:i=1
    closed_waypoints:b=no
    isShipSpline:b=no
    shipTurnRadius:r=100.0
    weapons:t=""
    bullets0:t="40mm_sw_kan_HE"
    bullets1:t=""
    bullets2:t=""
    bullets3:t=""
    bulletsCount0:i=0
    bulletsCount1:i=0
    bulletsCount2:i=0
    bulletsCount3:i=0
    crewSkillK:r=0.0
    applyAllMods:b=no

    props{
      army:i=1
      count:i=1
      formation_type:t="rows"
      formation_div:i=3
      formation_step:p2=2.5, 2.0
      formation_noise:p2=0.1, 0.1
      uniqueName:t=""
      attack_type:t="fire_at_will"
    }

    way{
    }
  }

  tankModels{
    name:t="t1_aaa_reload_high_light_03"
    tm:m=[[-0.978681, 0.0, -0.205385] [0.0, 1.0, 0.0] [0.205385, 0.0, -0.978681] [47228.4, 214.44, 21932.1]]
    unit_class:t="sw_veak_40"
    objLayer:i=1
    closed_waypoints:b=no
    isShipSpline:b=no
    shipTurnRadius:r=100.0
    weapons:t=""
    bullets0:t="40mm_sw_kan_HE"
    bullets1:t=""
    bullets2:t=""
    bullets3:t=""
    bulletsCount0:i=0
    bulletsCount1:i=0
    bulletsCount2:i=0
    bulletsCount3:i=0
    crewSkillK:r=0.0
    applyAllMods:b=no

    props{
      army:i=1
      count:i=1
      formation_type:t="rows"
      formation_div:i=3
      formation_step:p2=2.5, 2.0
      formation_noise:p2=0.1, 0.1
      uniqueName:t=""
      attack_type:t="fire_at_will"
    }

    way{
    }
  }

  tankModels{
    name:t="t1_aaa_reload_high_light_04"
    tm:m=[[-0.978681, 0.0, -0.205385] [0.0, 1.0, 0.0] [0.205385, 0.0, -0.978681] [47901.9, 214.44, 21965.1]]
    unit_class:t="sw_veak_40"
    objLayer:i=1
    closed_waypoints:b=no
    isShipSpline:b=no
    shipTurnRadius:r=100.0
    weapons:t=""
    bullets0:t="40mm_sw_kan_HE"
    bullets1:t=""
    bullets2:t=""
    bullets3:t=""
    bulletsCount0:i=0
    bulletsCount1:i=0
    bulletsCount2:i=0
    bulletsCount3:i=0
    crewSkillK:r=0.0
    applyAllMods:b=no

    props{
      army:i=1
      count:i=1
      formation_type:t="rows"
      formation_div:i=3
      formation_step:p2=2.5, 2.0
      formation_noise:p2=0.1, 0.1
      uniqueName:t=""
      attack_type:t="fire_at_will"
    }

    way{
    }
  }

  tankModels{
    name:t="t1_aaa_reload_high_heavy_01"
    tm:m=[[-0.978681, 0.0, -0.205385] [0.0, 1.0, 0.0] [0.205385, 0.0, -0.978681] [47299.6, 213.015, 20994.2]]
    unit_class:t="fr_amx_30_roland"
    objLayer:i=1
    closed_waypoints:b=no
    isShipSpline:b=no
    shipTurnRadius:r=100.0
    weapons:t=""
    bullets0:t=""
    bullets1:t=""
    bullets2:t=""
    bullets3:t=""
    bulletsCount0:i=0
    bulletsCount1:i=0
    bulletsCount2:i=0
    bulletsCount3:i=0
    crewSkillK:r=0.0
    applyAllMods:b=no

    props{
      army:i=1
      count:i=1
      formation_type:t="rows"
      formation_div:i=3
      formation_step:p2=2.5, 2.0
      formation_noise:p2=0.1, 0.1
      uniqueName:t=""
      attack_type:t="fire_at_will"
    }

    way{
    }
  }

  tankModels{
    name:t="t1_aaa_reload_high_heavy_02"
    tm:m=[[-0.978681, 0.0, -0.205385] [0.0, 1.0, 0.0] [0.205385, 0.0, -0.978681] [48177.1, 210.657, 21179.7]]
    unit_class:t="fr_amx_30_roland"
    objLayer:i=1
    closed_waypoints:b=no
    isShipSpline:b=no
    shipTurnRadius:r=100.0
    weapons:t=""
    bullets0:t=""
    bullets1:t=""
    bullets2:t=""
    bullets3:t=""
    bulletsCount0:i=0
    bulletsCount1:i=0
    bulletsCount2:i=0
    bulletsCount3:i=0
    crewSkillK:r=0.0
    applyAllMods:b=no

    props{
      army:i=1
      count:i=1
      formation_type:t="rows"
      formation_div:i=3
      formation_step:p2=2.5, 2.0
      formation_noise:p2=0.1, 0.1
      uniqueName:t=""
      attack_type:t="fire_at_will"
    }

    way{
    }
  }

  tankModels{
    name:t="t2_aaa_reload_high_light_01"
    tm:m=[[-0.998437, 0.0, 0.0558922] [0.0, 1.0, 0.0] [-0.0558922, 0.0, -0.998437] [42828.6, 516.894, -19555.5]]
    unit_class:t="sw_veak_40"
    objLayer:i=1
    closed_waypoints:b=no
    isShipSpline:b=no
    shipTurnRadius:r=100.0
    weapons:t=""
    bullets0:t="40mm_sw_kan_HE"
    bullets1:t=""
    bullets2:t=""
    bullets3:t=""
    bulletsCount0:i=0
    bulletsCount1:i=0
    bulletsCount2:i=0
    bulletsCount3:i=0
    crewSkillK:r=0.0
    applyAllMods:b=no

    props{
      army:i=2
      count:i=1
      formation_type:t="rows"
      formation_div:i=3
      formation_step:p2=2.5, 2.0
      formation_noise:p2=0.1, 0.1
      uniqueName:t=""
      attack_type:t="fire_at_will"
    }

    way{
    }
  }

  tankModels{
    name:t="t2_aaa_reload_high_light_02"
    tm:m=[[-0.998437, 0.0, 0.0558922] [0.0, 1.0, 0.0] [-0.0558922, 0.0, -0.998437] [43369.1, 516.894, -17997.0]]
    unit_class:t="sw_veak_40"
    objLayer:i=1
    closed_waypoints:b=no
    isShipSpline:b=no
    shipTurnRadius:r=100.0
    weapons:t=""
    bullets0:t="40mm_sw_kan_HE"
    bullets1:t=""
    bullets2:t=""
    bullets3:t=""
    bulletsCount0:i=0
    bulletsCount1:i=0
    bulletsCount2:i=0
    bulletsCount3:i=0
    crewSkillK:r=0.0
    applyAllMods:b=no

    props{
      army:i=2
      count:i=1
      formation_type:t="rows"
      formation_div:i=3
      formation_step:p2=2.5, 2.0
      formation_noise:p2=0.1, 0.1
      uniqueName:t=""
      attack_type:t="fire_at_will"
    }

    way{
    }
  }

  tankModels{
    name:t="t2_aaa_reload_high_light_03"
    tm:m=[[-0.998437, 0.0, 0.0558922] [0.0, 1.0, 0.0] [-0.0558922, 0.0, -0.998437] [43515.8, 516.894, -19300.0]]
    unit_class:t="sw_veak_40"
    objLayer:i=1
    closed_waypoints:b=no
    isShipSpline:b=no
    shipTurnRadius:r=100.0
    weapons:t=""
    bullets0:t="40mm_sw_kan_HE"
    bullets1:t=""
    bullets2:t=""
    bullets3:t=""
    bulletsCount0:i=0
    bulletsCount1:i=0
    bulletsCount2:i=0
    bulletsCount3:i=0
    crewSkillK:r=0.0
    applyAllMods:b=no

    props{
      army:i=2
      count:i=1
      formation_type:t="rows"
      formation_div:i=3
      formation_step:p2=2.5, 2.0
      formation_noise:p2=0.1, 0.1
      uniqueName:t=""
      attack_type:t="fire_at_will"
    }

    way{
    }
  }

  tankModels{
    name:t="t2_aaa_reload_high_light_04"
    tm:m=[[-0.998437, 0.0, 0.0558922] [0.0, 1.0, 0.0] [-0.0558922, 0.0, -0.998437] [42592.0, 516.894, -18507.0]]
    unit_class:t="sw_veak_40"
    objLayer:i=1
    closed_waypoints:b=no
    isShipSpline:b=no
    shipTurnRadius:r=100.0
    weapons:t=""
    bullets0:t="40mm_sw_kan_HE"
    bullets1:t=""
    bullets2:t=""
    bullets3:t=""
    bulletsCount0:i=0
    bulletsCount1:i=0
    bulletsCount2:i=0
    bulletsCount3:i=0
    crewSkillK:r=0.0
    applyAllMods:b=no

    props{
      army:i=2
      count:i=1
      formation_type:t="rows"
      formation_div:i=3
      formation_step:p2=2.5, 2.0
      formation_noise:p2=0.1, 0.1
      uniqueName:t=""
      attack_type:t="fire_at_will"
    }

    way{
    }
  }

  tankModels{
    name:t="t2_aaa_reload_high_heavy_01"
    tm:m=[[-0.998437, 0.0, 0.0558922] [0.0, 1.0, 0.0] [-0.0558922, 0.0, -0.998437] [43235.0, 516.892, -17228.7]]
    unit_class:t="fr_amx_30_roland"
    objLayer:i=1
    closed_waypoints:b=no
    isShipSpline:b=no
    shipTurnRadius:r=100.0
    weapons:t=""
    bullets0:t=""
    bullets1:t=""
    bullets2:t=""
    bullets3:t=""
    bulletsCount0:i=0
    bulletsCount1:i=0
    bulletsCount2:i=0
    bulletsCount3:i=0
    crewSkillK:r=0.0
    applyAllMods:b=no

    props{
      army:i=2
      count:i=1
      formation_type:t="rows"
      formation_div:i=3
      formation_step:p2=2.5, 2.0
      formation_noise:p2=0.1, 0.1
      uniqueName:t=""
      attack_type:t="fire_at_will"
    }

    way{
    }
  }

  tankModels{
    name:t="t2_aaa_reload_high_heavy_02"
    tm:m=[[-0.998437, 0.0, 0.0558922] [0.0, 1.0, 0.0] [-0.0558922, 0.0, -0.998437] [42393.7, 516.894, -17536.7]]
    unit_class:t="fr_amx_30_roland"
    objLayer:i=1
    closed_waypoints:b=no
    isShipSpline:b=no
    shipTurnRadius:r=100.0
    weapons:t=""
    bullets0:t=""
    bullets1:t=""
    bullets2:t=""
    bullets3:t=""
    bulletsCount0:i=0
    bulletsCount1:i=0
    bulletsCount2:i=0
    bulletsCount3:i=0
    crewSkillK:r=0.0
    applyAllMods:b=no

    props{
      army:i=2
      count:i=1
      formation_type:t="rows"
      formation_div:i=3
      formation_step:p2=2.5, 2.0
      formation_noise:p2=0.1, 0.1
      uniqueName:t=""
      attack_type:t="fire_at_will"
    }

    way{
    }
  }

  squad{
    name:t="t1_def_aaa_reload_high_squad"
    tm:m=[[-0.978681, 0.0, -0.205385] [0.0, 1.0, 0.0] [0.205385, 0.0, -0.978681] [47430.2, 492.684, 20084.5]]

    props{
      squad_members:t="t1_aaa_reload_high_light_01"
      squad_members:t="t1_aaa_reload_high_light_02"
      squad_members:t="t1_aaa_reload_high_light_03"
      squad_members:t="t1_aaa_reload_high_light_04"
      squad_members:t="t1_aaa_reload_high_heavy_01"
      squad_members:t="t1_aaa_reload_high_heavy_02"
    }
  }

  squad{
    name:t="t2_def_aaa_reload_high_squad"
    tm:m=[[-0.865205, 0.0, -0.501419] [0.0, 1.0, 0.0] [0.501419, 0.0, -0.865205] [33820.8, 1072.06, -21834.0]]

    props{
      squad_members:t="t2_aaa_reload_high_light_01"
      squad_members:t="t2_aaa_reload_high_light_02"
      squad_members:t="t2_aaa_reload_high_light_03"
      squad_members:t="t2_aaa_reload_high_light_04"
      squad_members:t="t2_aaa_reload_high_heavy_01"
      squad_members:t="t2_aaa_reload_high_heavy_02"
      object_marking:i=0
    }
  }
}

areas{

  airfields_area_20_km{
    type:t="Sphere"
    tm:m=[[-40000.0, 0.0, -0.00488281] [0.0, 40000.0, 0.0] [0.00488281, 0.0, -40000.0] [54430.8, 1165.72, 0.0]]
    objLayer:i=3

    props{
    }
  }

  t2_interceptor_area_reload_high{
    type:t="Sphere"
    tm:m=[[-5591.53, 0.0, 2175.96] [0.0, 6000.0, 0.0] [-2175.96, 0.0, -5591.53] [44539.7, 3000.0, -19503.6]]

    props{
    }
  }

  t2_assault_reload_high_spawn{
    type:t="Sphere"
    tm:m=[[120.889, 0.0, 274.565] [0.0, 300.0, 0.0] [-274.565, 0.0, 120.889] [46352.4, 2000.0, -14844.1]]

    props{
    }
  }

  t2_aaa_fighter_area_reload_high{
    type:t="Sphere"
    tm:m=[[-3727.7, 0.0, 1450.64] [0.0, 4000.0, 0.0] [-1450.64, 0.0, -3727.7] [44539.8, 4000.0, -19503.4]]

    props{
    }
  }

  t2_assault_area_reload_high{
    type:t="Sphere"
    tm:m=[[-9319.22, 0.0, 3626.59] [0.0, 10000.0, 0.0] [-3626.59, 0.0, -9319.22] [44539.8, 2000.0, -19503.4]]

    props{
    }
  }

  t2_interceptor_reload_high_spawn{
    type:t="Sphere"
    tm:m=[[120.889, 0.0, 274.565] [0.0, 300.0, 0.0] [-274.565, 0.0, 120.889] [43458.9, 2000.0, -22281.6]]

    props{
    }
  }

  t2_aaa_fighter_reload_high_spawn{
    type:t="Sphere"
    tm:m=[[120.889, 0.0, 274.565] [0.0, 300.0, 0.0] [-274.565, 0.0, 120.889] [43817.1, 3000.0, -21360.8]]

    props{
    }
  }

  t2_far_bomber_reload_high_spawn{
    type:t="Sphere"
    tm:m=[[120.889, 0.0, 274.565] [0.0, 300.0, 0.0] [-274.565, 0.0, 120.889] [45264.8, 5500.0, -17640.5]]

    props{
    }
  }

  t2_main_bomber_reload_high_spawn{
    type:t="Sphere"
    tm:m=[[120.889, 0.0, 274.565] [0.0, 300.0, 0.0] [-274.565, 0.0, 120.889] [45446.4, 4500.0, -17174.0]]

    props{
    }
  }

  t2_far_bomber_area_reload_high{
    type:t="Sphere"
    tm:m=[[-3727.7, 0.0, 1450.64] [0.0, 4000.0, 0.0] [-1450.64, 0.0, -3727.7] [44539.8, 5500.0, -19503.4]]

    props{
    }
  }

  t2_main_bomber_area_reload_high{
    type:t="Sphere"
    tm:m=[[-4659.61, 0.0, 1813.3] [0.0, 5000.0, 0.0] [-1813.3, 0.0, -4659.61] [44539.8, 4500.0, -19503.4]]

    props{
    }
  }

  t1_interceptor_area_reload_high{
    type:t="Sphere"
    tm:m=[[5924.09, 0.0, 951.467] [0.0, 6000.0, 0.0] [-951.467, 0.0, 5924.09] [47691.9, 3000.01, 21013.8]]

    props{
    }
  }

  t1_assault_reload_high_spawn{
    type:t="Sphere"
    tm:m=[[34.6084, 0.0, -297.996] [0.0, 300.0, 0.0] [297.996, 0.0, 34.6084] [48484.8, 2000.0, 16076.0]]

    props{
    }
  }

  t1_aaa_fighter_area_reload_high{
    type:t="Sphere"
    tm:m=[[3949.41, 0.0, 634.335] [0.0, 4000.0, 0.0] [-634.335, 0.0, 3949.41] [47691.9, 4000.0, 21013.9]]

    props{
    }
  }

  t1_assault_area_reload_high{
    type:t="Sphere"
    tm:m=[[9873.45, 0.0, 1585.8] [0.0, 10000.0, 0.0] [-1585.8, 0.0, 9873.45] [47691.9, 2000.0, 21013.8]]

    props{
    }
  }

  t1_interceptor_reload_high_spawn{
    type:t="Sphere"
    tm:m=[[34.6084, 0.0, -297.996] [0.0, 300.0, 0.0] [297.996, 0.0, 34.6084] [47218.9, 2000.0, 23956.8]]

    props{
    }
  }

  t1_aaa_fighter_reload_high_spawn{
    type:t="Sphere"
    tm:m=[[34.6084, 0.0, -297.996] [0.0, 300.0, 0.0] [297.996, 0.0, 34.6084] [47375.7, 3000.0, 22981.6]]

    props{
    }
  }

  t1_far_bomber_reload_high_spawn{
    type:t="Sphere"
    tm:m=[[34.6084, 0.0, -297.996] [0.0, 300.0, 0.0] [297.996, 0.0, 34.6084] [48008.6, 5500.0, 19039.9]]

    props{
    }
  }

  t1_main_bomber_reload_high_spawn{
    type:t="Sphere"
    tm:m=[[34.6084, 0.0, -297.996] [0.0, 300.0, 0.0] [297.996, 0.0, 34.6084] [48088.1, 4500.0, 18545.4]]

    props{
    }
  }

  t1_far_bomber_area_reload_high{
    type:t="Sphere"
    tm:m=[[3949.41, 0.0, 634.335] [0.0, 4000.0, 0.0] [-634.335, 0.0, 3949.41] [47691.9, 5500.0, 21013.9]]

    props{
    }
  }

  t1_main_bomber_area_reload_high{
    type:t="Sphere"
    tm:m=[[4936.71, 0.0, 792.902] [0.0, 5000.0, 0.0] [-792.902, 0.0, 4936.71] [47691.9, 4500.0, 21013.8]]

    props{
    }
  }

  t1_common_fighters_reload_high_spawn{
    type:t="Sphere"
    tm:m=[[34.6084, 0.0, -297.996] [0.0, 300.0, 0.0] [297.996, 0.0, 34.6084] [47218.9, 1500.01, 23956.8]]

    props{
    }
  }

  t2_common_fighters_reload_high_spawn{
    type:t="Sphere"
    tm:m=[[120.889, 0.0, 274.565] [0.0, 300.0, 0.0] [-274.565, 0.0, 120.889] [43458.9, 1500.0, -22281.6]]

    props{
    }
  }
}

objLayers{

  layer{
    enabled:b=yes
  }

  layer{
    enabled:b=yes
  }

  layer{
    enabled:b=yes
  }

  layer{
    enabled:b=no
  }
}

wayPoints{
}