selected_tag:t=""
bin_dump_file:t=""

mission_settings{

  player{
    army:i=1
    wing:t=""
  }

  player_teamB{
    army:i=2
    wing:t=""
  }

  mission{
    level:t="levels/berlin.bin"
    type:t="domination"
    environment:t="Day"
    weather:t="hazy"
    deathPenaltyMulRounds:r=0.0

    stars{
      latitude:r=52.5
      longitude:r=13.0
      year:i=1945
      month:i=4
      day:i=2
    }
  }

  spectator_points{
  }
}

imports{

  import_record{
    file:t="gameData/missions/templates/air_templates/gs/assaults_gs_template.blk"
    importAreas:b=yes
    importUnits:b=yes
    importTriggers:b=yes
    importMissionObjectives:b=yes
    importWayPoints:b=yes
    importDialogs:b=yes
    showAreas:b=yes
    showUnits:b=yes
    showTriggers:b=yes
    showMissionObjectives:b=yes
    showWayPoints:b=yes
    showDialogs:b=yes

    excludes{
    }
  }

  import_record{
    file:t="gameData/missions/templates/units_sets/plane_sets_assaults/at_t1_ussr_rank_06.blk"
    rankRange:ip2=0, 250
    allowedUnitTypes:t="isAirplanesAllowed"
    importAreas:b=yes
    importUnits:b=yes
    importTriggers:b=yes
    importMissionObjectives:b=yes
    importWayPoints:b=yes
    importDialogs:b=yes
    showAreas:b=yes
    showUnits:b=yes
    showTriggers:b=yes
    showMissionObjectives:b=yes
    showWayPoints:b=yes
    showDialogs:b=yes

    excludes{
    }
  }

  import_record{
    file:t="gameData/missions/templates/units_sets/plane_sets_assaults/at_t1_ussr_rank_07.blk"
    rankRange:ip2=260, 500
    allowedUnitTypes:t="isAirplanesAllowed"
    importAreas:b=yes
    importUnits:b=yes
    importTriggers:b=yes
    importMissionObjectives:b=yes
    importWayPoints:b=yes
    importDialogs:b=yes
    showAreas:b=yes
    showUnits:b=yes
    showTriggers:b=yes
    showMissionObjectives:b=yes
    showWayPoints:b=yes
    showDialogs:b=yes

    excludes{
    }
  }

  import_record{
    file:t="gameData/missions/templates/units_sets/plane_sets_assaults/at_t2_usa_rank_06.blk"
    rankRange:ip2=0, 250
    allowedUnitTypes:t="isAirplanesAllowed"
    importAreas:b=yes
    importUnits:b=yes
    importTriggers:b=yes
    importMissionObjectives:b=yes
    importWayPoints:b=yes
    importDialogs:b=yes
    showAreas:b=yes
    showUnits:b=yes
    showTriggers:b=yes
    showMissionObjectives:b=yes
    showWayPoints:b=yes
    showDialogs:b=yes

    excludes{
    }
  }

  import_record{
    file:t="gameData/missions/templates/units_sets/plane_sets_assaults/at_t2_usa_rank_07.blk"
    rankRange:ip2=260, 500
    allowedUnitTypes:t="isAirplanesAllowed"
    importAreas:b=yes
    importUnits:b=yes
    importTriggers:b=yes
    importMissionObjectives:b=yes
    importWayPoints:b=yes
    importDialogs:b=yes
    showAreas:b=yes
    showUnits:b=yes
    showTriggers:b=yes
    showMissionObjectives:b=yes
    showWayPoints:b=yes
    showDialogs:b=yes

    excludes{
    }
  }
}

triggers{
  isCategory:b=yes
  is_enabled:b=yes
}

mission_objectives{
  isCategory:b=yes
  is_enabled:b=yes
}

variables{
  ai_assaults_saved:i=0
  ft_helicopters_pad_exclusive:b=no
}

dialogs{
}

airfields{
}

effects{
}

units{
}

areas{

  at_area{
    type:t="Sphere"
    tm:m=[[-13980.5, 0.0, 7781.42] [0.0, 16000.0, 0.0] [-7781.42, 0.0, -13980.5] [-662.5, 750.0, -2098.8]]
    objLayer:i=0

    props{
    }
  }

  at_t2_spawn_01_01{
    type:t="Point"
    tm:m=[[-0.516969, 0.0, -0.856006] [0.0, 1.0, 0.0] [0.856006, 0.0, -0.516969] [1373.3, 750.0, 5634.4]]
    objLayer:i=0

    props{
    }
  }

  at_t1_spawn_01_01{
    type:t="Point"
    tm:m=[[0.516969, 0.0, 0.856006] [0.0, 1.0, 0.0] [-0.856006, 0.0, 0.516969] [-6317.59, 749.99, -7771.67]]
    objLayer:i=0

    props{
    }
  }

  at_t2_spawn_01_02{
    type:t="Point"
    tm:m=[[-0.516969, 0.0, -0.856006] [0.0, 1.0, 0.0] [0.856006, 0.0, -0.516969] [4974.46, 750.0, 3576.86]]
    objLayer:i=0

    props{
    }
  }

  at_t1_spawn_01_02{
    type:t="Point"
    tm:m=[[0.516969, 0.0, 0.856006] [0.0, 1.0, 0.0] [-0.856006, 0.0, 0.516969] [-2709.97, 749.991, -9832.3]]
    objLayer:i=0

    props{
    }
  }

  at_t1_spawn_02_01{
    type:t="Point"
    tm:m=[[0.516969, 0.0, 0.856006] [0.0, 1.0, 0.0] [-0.856006, 0.0, 0.516969] [-701.01, 749.991, -10095.8]]
    objLayer:i=0

    props{
    }
  }

  at_t1_spawn_02_02{
    type:t="Point"
    tm:m=[[0.516969, 0.0, 0.856006] [0.0, 1.0, 0.0] [-0.856006, 0.0, 0.516969] [-7525.29, 749.994, -6208.1]]
    objLayer:i=0

    props{
    }
  }

  at_t2_spawn_02_01{
    type:t="Point"
    tm:m=[[-0.516969, 0.0, -0.856006] [0.0, 1.0, 0.0] [0.856006, 0.0, -0.516969] [6476.1, 750.006, 1848.64]]
    objLayer:i=0

    props{
    }
  }

  at_t2_spawn_02_02{
    type:t="Point"
    tm:m=[[-0.516969, 0.0, -0.856006] [0.0, 1.0, 0.0] [0.856006, 0.0, -0.516969] [-647.44, 750.002, 5882.6]]
    objLayer:i=0

    props{
    }
  }
}

objLayers{
}

wayPoints{
}