selected_tag:t=""
bin_dump_file:t=""

mission_settings{

  player{
    army:i=1
    wing:t="t1_player01"
    wing:t="t1_player02"
    wing:t="t1_player03"
    wing:t="t1_player04"
    wing:t="t1_player05"
    wing:t="t1_player06"
    wing:t="t1_player07"
    wing:t="t1_player08"
    wing:t="t1_player09"
    wing:t="t1_player10"
    wing:t="t1_player11"
    wing:t="t1_player12"
    wing:t="t1_player14"
    wing:t="t1_player13"
    wing:t="t1_player15"
    wing:t="t1_player16"
  }

  player_teamB{
    army:i=2
    wing:t="t2_player01"
    wing:t="t2_player02"
    wing:t="t2_player03"
    wing:t="t2_player04"
    wing:t="t2_player05"
    wing:t="t2_player06"
    wing:t="t2_player07"
    wing:t="t2_player08"
    wing:t="t2_player09"
    wing:t="t2_player10"
    wing:t="t2_player11"
    wing:t="t2_player12"
    wing:t="t2_player13"
    wing:t="t2_player14"
    wing:t="t2_player15"
    wing:t="t2_player16"
    wing:t="t2_player17"
  }

  mission{
    level:t="levels/avn_north_sea.bin"
    type:t="domination"
    restoreType:t="attempts"
    optionalTakeOff:b=yes
    environment:t="Day"
    weather:t="hazy"
    locName:t="missions/_NDom;north_sea/name"
    locDesc:t="north_sea/desc;missions/_NDom/desc"
    scoreLimit:i=20000
    timeLimit:i=30
    deathPenaltyMul:r=0.5
    ctaCaptureZoneEqualPenaltyMul:r=0.0
    ctaCaptureZoneDiffPenaltyExp:r=0.3
    randomSpawnTeams:b=yes
    country_axis:t="germany"
    country_allies:t="ussr"
    showTacticalMapCellSize:b=yes

    allowedUnitTypes{
      isAirplanesAllowed:b=yes
      isTanksAllowed:b=no
      isShipsAllowed:b=yes
      isHelicoptersAllowed:b=no
    }
  }

  spectator_points{
  }

  briefing{
    place_loc:t=""
    date_loc:t=""
    objective_loc:t=""
    music:t="action_01"

    part{
      event:t=""
      minTime:i=0

      slide{
        map:b=yes
        minTime:i=4
        picture:t=""
        showAirMap:b=no

        icon{
          icontype:t="ship"
          side:t="enemy"
          target:t="t2_briefing_spawnpoint_right"
        }

        icon{
          icontype:t="ship"
          side:t="ally"
          target:t="t1_briefing_spawnpoint_right"
        }

        icon{
          icontype:t="ship"
          side:t="ally"
          target:t="t1_briefing_spawnpoint_light"
        }

        icon{
          icontype:t="destroyer"
          side:t="ally"
          target:t="t1_briefing_spawnpoint_heavy01"
        }

        icon{
          icontype:t="destroyer"
          side:t="ally"
          target:t="t1_briefing_spawnpoint_heavy02"
        }

        icon{
          icontype:t="ship"
          side:t="enemy"
          target:t="t2_briefing_spawnpoint_light"
        }

        icon{
          icontype:t="destroyer"
          side:t="enemy"
          target:t="t2_briefing_spawnpoint_heavy01"
        }

        icon{
          icontype:t="destroyer"
          side:t="enemy"
          target:t="t2_briefing_spawnpoint_heavy02"
        }

        icon{
          icontype:t="basezone_A"
          side:t="neutral"
          target:t="briefing_capture01"
        }

        icon{
          icontype:t="basezone_B"
          side:t="neutral"
          target:t="briefing_capture02"
        }

        icon{
          icontype:t="basezone_C"
          side:t="neutral"
          target:t="briefing_capture03"
        }
      }
    }
  }
}

imports{

  import_record{
    file:t="gameData/missions/cta/ships/north_sea/spotareas/north_sea_NDom_spotareas_template.blk"
    importAreas:b=yes
    importUnits:b=yes
    importTriggers:b=yes
    importMissionObjectives:b=yes
    importWayPoints:b=yes
    showAreas:b=yes
    showUnits:b=yes
    showTriggers:b=yes
    showMissionObjectives:b=yes
    showWayPoints:b=yes

    excludes{
    }
  }

  import_record{
    file:t="gameData/missions/cta/ships/north_sea/template_north_sea_air_spawn.blk"
    importAreas:b=yes
    importUnits:b=yes
    importTriggers:b=yes
    importMissionObjectives:b=yes
    importWayPoints:b=yes
    showAreas:b=yes
    showUnits:b=yes
    showTriggers:b=yes
    showMissionObjectives:b=yes
    showWayPoints:b=yes

    excludes{
    }
  }

  import_record{
    file:t="gameData/missions/templates/navy_templates/ndom_template.blk"
    importAreas:b=yes
    importUnits:b=yes
    importTriggers:b=yes
    importMissionObjectives:b=yes
    importWayPoints:b=yes
    showAreas:b=yes
    showUnits:b=yes
    showTriggers:b=yes
    showMissionObjectives:b=yes
    showWayPoints:b=yes

    excludes{
    }
  }

  import_record{
    file:t="gameData/missions/templates/navy_templates/ship_base_logic.blk"
    importAreas:b=yes
    importUnits:b=yes
    importTriggers:b=yes
    importMissionObjectives:b=yes
    importWayPoints:b=yes
    showAreas:b=yes
    showUnits:b=yes
    showTriggers:b=yes
    showMissionObjectives:b=yes
    showWayPoints:b=yes

    excludes{
    }
  }

  import_record{
    file:t="gameData/missions/cta/ships/north_sea/mainareas/north_sea_NDom_zone_airdefence.blk"
    importAreas:b=yes
    importUnits:b=yes
    importTriggers:b=yes
    importMissionObjectives:b=yes
    importWayPoints:b=yes
    importByParameter:t="enableAirDefenceOnCaptureZone"
    showAreas:b=yes
    showUnits:b=yes
    showTriggers:b=yes
    showMissionObjectives:b=yes
    showWayPoints:b=yes

    excludes{
    }
  }
}

triggers{
  isCategory:b=yes
  is_enabled:b=yes
}

mission_objectives{
  isCategory:b=yes
  is_enabled:b=yes
}

variables{
}

dialogs{
}

airfields{
}

effects{
}

units{

  armada{
    name:t="t1_player01"
    tm:m=[[1.0, 0.0, 0.0] [0.0, 1.0, 0.0] [0.0, 0.0, 1.0] [7269.9, 0.0, 2675.65]]
    unit_class:t="a-20g"
    objLayer:i=1
    closed_waypoints:b=no
    isShipSpline:b=no
    shipTurnRadius:r=100.0
    weapons:t=""
    bullets0:t=""
    bullets1:t=""
    bullets2:t=""
    bullets3:t=""
    bulletsCount0:i=0
    bulletsCount1:i=0
    bulletsCount2:i=0
    bulletsCount3:i=0

    props{
      army:i=2
      count:i=1
      free_distance:r=70.0
      floating_distance:r=50.0
      minimum_distance_to_earth:r=20.0
      altLimit:r=6000.0
      attack_type:t="fire_at_will"
      skill:i=4

      plane{
        wing_formation:t="Diamond"
        row_distances:r=3.0
        col_distances:r=3.0
        super_formation:t="Diamond"
        super_row_distances:r=1.5
        super_col_distances:r=1.5
        ai_skill:t="NORMAL"
        task:t="FLY_WAYPOINT"
      }
    }

    way{
    }
  }
}

areas{

  t1_briefing_spawnpoint_heavy01{
    type:t="Point"
    tm:m=[[0.890506, 0.0, -0.454972] [0.0, 1.0, 0.0] [0.454972, 0.0, 0.890506] [1362.9, 0.0, 2238.8]]
    objLayer:i=3

    props{
    }
  }

  t1_briefing_spawnpoint_light{
    type:t="Point"
    tm:m=[[0.890506, 0.0, -0.454972] [0.0, 1.0, 0.0] [0.454972, 0.0, 0.890506] [2314.95, -7.6496, -844.656]]
    objLayer:i=3

    props{
    }
  }

  t2_briefing_spawnpoint_light{
    type:t="Point"
    tm:m=[[0.890506, 0.0, -0.454972] [0.0, 1.0, 0.0] [0.454972, 0.0, 0.890506] [4940.5, 0.0, -2088.06]]
    objLayer:i=3

    props{
    }
  }

  t2_briefing_spawnpoint_heavy01{
    type:t="Point"
    tm:m=[[0.890506, 0.0, -0.454972] [0.0, 1.0, 0.0] [0.454972, 0.0, 0.890506] [7657.07, 0.0, -1658.14]]
    objLayer:i=3

    props{
    }
  }

  briefing_capture01{
    type:t="Point"
    tm:m=[[0.890506, 0.0, -0.454972] [0.0, 1.0, 0.0] [0.454972, 0.0, 0.890506] [3132.67, 0.0, -2121.9]]
    objLayer:i=0

    props{
    }
  }

  t1_briefing_spawnpoint_heavy02{
    type:t="Point"
    tm:m=[[0.890506, 0.0, -0.454972] [0.0, 1.0, 0.0] [0.454972, 0.0, 0.890506] [2090.94, 0.0, 3621.86]]
    objLayer:i=3

    props{
    }
  }

  t2_briefing_spawnpoint_heavy02{
    type:t="Point"
    tm:m=[[0.890506, 0.0, -0.454972] [0.0, 1.0, 0.0] [0.454972, 0.0, 0.890506] [8871.07, 0.0, 56.0858]]
    objLayer:i=3

    props{
    }
  }

  briefing_capture02{
    type:t="Point"
    tm:m=[[0.890506, 0.0, -0.454972] [0.0, 1.0, 0.0] [0.454972, 0.0, 0.890506] [4459.62, 0.0, 73.7559]]
    objLayer:i=0

    props{
    }
  }

  briefing_capture03{
    type:t="Point"
    tm:m=[[0.890506, 0.0, -0.454972] [0.0, 1.0, 0.0] [0.454972, 0.0, 0.890506] [5979.99, 0.0, 3049.53]]
    objLayer:i=0

    props{
    }
  }

  t1_briefing_spawnpoint_right{
    type:t="Point"
    tm:m=[[0.890506, 0.0, -0.454972] [0.0, 1.0, 0.0] [0.454972, 0.0, 0.890506] [3315.72, -6.76654, 301.867]]
    objLayer:i=3

    props{
    }
  }

  t2_briefing_spawnpoint_right{
    type:t="Point"
    tm:m=[[0.890506, 0.0, -0.454972] [0.0, 1.0, 0.0] [0.454972, 0.0, 0.890506] [5249.85, 1.19238, -882.195]]
    objLayer:i=3

    props{
    }
  }
}

objLayers{

  layer{
    enabled:b=yes
  }

  layer{
    enabled:b=yes
  }

  layer{
    enabled:b=yes
  }

  layer{
    enabled:b=no
  }
}

wayPoints{
}