selected_tag:t=""
bin_dump_file:t=""

mission_settings{

  player{
    army:i=1
    wing:t=""
  }

  player_teamB{
    army:i=2
    wing:t=""
  }

  mission{
    level:t="levels/berlin.bin"
    type:t="domination"
    environment:t="Day"
    weather:t="hazy"
    deathPenaltyMulRounds:r=0.0

    stars{
      latitude:r=52.5
      longitude:r=13.0
      year:i=1945
      month:i=4
      day:i=2
    }
  }

  spectator_points{
  }
}

imports{

  import_record{
    file:t="gameData/missions/templates/air_templates/gs/assaults_gs_template.blk"
    importAreas:b=yes
    importUnits:b=yes
    importTriggers:b=yes
    importMissionObjectives:b=yes
    importWayPoints:b=yes
    showAreas:b=yes
    showUnits:b=yes
    showTriggers:b=yes
    showMissionObjectives:b=yes
    showWayPoints:b=yes

    excludes{
    }
  }
}

triggers{
  isCategory:b=yes
  is_enabled:b=yes
}

mission_objectives{
  isCategory:b=yes
  is_enabled:b=yes
}

variables{
  ai_assaults_saved:i=0
  ft_helicopters_pad_exclusive:b=no
}

dialogs{
}

airfields{
}

effects{
}

units{
}

areas{

  at_area{
    type:t="Sphere"
    tm:m=[[-952.257, 0.0, 15971.7] [0.0, 16000.0, 0.0] [-15971.7, 0.0, -952.257] [-3776.0, 500.0, 10429.8]]
    objLayer:i=0

    props{
    }
  }

  at_t2_spawn_01_01{
    type:t="Point"
    tm:m=[[-0.999322, 0.0, -0.0368489] [0.0, 1.0, 0.0] [0.0368489, 0.0, -0.999322] [3807.88, 500.005, 12966.2]]
    objLayer:i=0

    props{
    }
  }

  at_t1_spawn_01_01{
    type:t="Point"
    tm:m=[[0.999322, 0.0, 0.0368489] [0.0, 1.0, 0.0] [-0.0368489, 0.0, 0.999322] [-11345.5, 499.995, 7915.24]]
    objLayer:i=0

    props{
    }
  }

  at_t2_spawn_01_02{
    type:t="Point"
    tm:m=[[-0.999322, 0.0, -0.0368489] [0.0, 1.0, 0.0] [0.0368489, 0.0, -0.999322] [4060.88, 500.005, 8826.42]]
    objLayer:i=0

    props{
    }
  }

  at_t1_spawn_01_02{
    type:t="Point"
    tm:m=[[0.824199, 0.0, 0.566302] [0.0, 1.0, 0.0] [-0.566302, 0.0, 0.824199] [-10426.0, 499.996, 6021.64]]
    objLayer:i=0

    props{
    }
  }

  at_t2_spawn_02_01{
    type:t="Point"
    tm:m=[[-0.999322, 0.0, -0.0368489] [0.0, 1.0, 0.0] [0.0368489, 0.0, -0.999322] [3356.15, 500.004, 6879.4]]
    objLayer:i=0

    props{
    }
  }

  at_t2_spawn_02_02{
    type:t="Point"
    tm:m=[[-0.999322, 0.0, -0.0368489] [0.0, 1.0, 0.0] [0.0368489, 0.0, -0.999322] [2930.52, 500.001, 14885.7]]
    objLayer:i=0

    props{
    }
  }

  at_t1_spawn_02_01{
    type:t="Point"
    tm:m=[[0.999322, 0.0, 0.0368489] [0.0, 1.0, 0.0] [-0.0368489, 0.0, 0.999322] [-11595.2, 499.995, 12089.0]]
    objLayer:i=0

    props{
    }
  }

  at_t1_spawn_02_02{
    type:t="Point"
    tm:m=[[0.999322, 0.0, 0.0368489] [0.0, 1.0, 0.0] [-0.0368489, 0.0, 0.999322] [-10943.6, 499.995, 14030.0]]
    objLayer:i=0

    props{
    }
  }
}

objLayers{
}

wayPoints{
}