selected_tag:t=""
bin_dump_file:t=""

mission_settings{

  player{
    army:i=1
  }

  player_teamB{
    army:i=2
  }

  mission{
    type:t="singleMission"
    level:t="levels/water.bin"
    environment:t="Day"
    weather:t="good"
  }
}

imports{
}

triggers{
  isCategory:b=yes
  is_enabled:b=yes
}

mission_objectives{
  isCategory:b=yes
  is_enabled:b=yes
}

variables{
}

dialogs{
}

airfields{
}

effects{
}

units{

  objectGroups{
    name:t="bridge_ruined_01"
    tm:m=[[0.934155, 0.0, -0.356869] [0.0, 1.0, 0.0] [0.356869, 0.0, 0.934155] [1361.29, -2.56764, 1596.59]]
    unit_class:t="bridge_stone_europe_a_ruined"
    objLayer:i=1

    props{
      army:i=2
      active:b=yes
    }
  }

  objectGroups{
    name:t="bridge_ruined_03"
    tm:m=[[-0.640852, 0.00788811, 0.767624] [0.0033622, 0.999967, -0.00746875] [-0.767657, -0.00220532, -0.640857] [1825.59, -3.84026, 1561.82]]
    unit_class:t="bridge_stone_europe_a_remains_b"
    objLayer:i=1

    props{
      army:i=2
      active:b=yes
    }
  }

  objectGroups{
    name:t="bridge_ruined_04"
    tm:m=[[0.755225, 0.000509854, 0.655465] [0.00647072, 0.999945, -0.00823334] [-0.655433, 0.0104594, 0.75518] [2704.71, -2.77369, 1978.01]]
    unit_class:t="bridge_stone_europe_a_ruined"
    objLayer:i=1

    props{
      army:i=2
      active:b=yes
    }
  }

  objectGroups{
    name:t="bridge_ruined_06"
    tm:m=[[-0.881579, -0.00025493, -0.472037] [0.0022439, 0.999986, -0.00473077] [0.472031, -0.00522975, -0.881565] [1694.93, -2.64557, 1530.92]]
    unit_class:t="bridge_stone_europe_a_ruined"
    objLayer:i=1

    props{
      army:i=2
      active:b=yes
    }
  }

  objectGroups{
    name:t="bridge_ruined_07"
    tm:m=[[0.26499, -0.000452508, -0.964251] [-0.000548241, 1.0, -0.000619917] [0.964251, 0.000692926, 0.264989] [2095.57, -3.91318, 1730.63]]
    unit_class:t="bridge_stone_europe_a_remains_a"
    objLayer:i=1

    props{
      army:i=2
      active:b=yes
    }
  }

  objectGroups{
    name:t="bridge_ruined_08"
    tm:m=[[-0.556628, 0.012864, 0.830662] [0.00265179, 0.999903, -0.013708] [-0.830757, -0.00542754, -0.556607] [2368.86, -3.79229, 1880.78]]
    unit_class:t="bridge_stone_europe_a_remains_a"
    objLayer:i=1

    props{
      army:i=2
      active:b=yes
    }
  }

  objectGroups{
    name:t="bridge_ruined_09"
    tm:m=[[0.28473, 6.38336e-16, -0.958608] [-6.98492e-10, 1.0, 6.8685e-09] [0.958608, -7.29521e-18, 0.28473] [2502.82, -4.07837, 1978.84]]
    unit_class:t="bridge_stone_europe_a_remains_a"
    objLayer:i=1

    props{
      army:i=2
      active:b=yes
    }
  }

  objectGroups{
    name:t="bridge_ruined_10"
    tm:m=[[0.0394134, 6.20402e-16, -0.999222] [-6.98492e-10, 1.0, 6.8685e-09] [0.999223, 1.50424e-16, 0.0394134] [2287.79, -2.95728, 1957.79]]
    unit_class:t="bridge_stone_europe_a_ruined"
    objLayer:i=1

    props{
      army:i=2
      active:b=yes
    }
  }

  objectGroups{
    name:t="bridge_ruined_11"
    tm:m=[[-0.540845, 4.21924e-16, -0.841121] [-6.98492e-10, 1.0, 6.8685e-09] [0.841122, 4.79069e-16, -0.540845] [2404.37, -2.99024, 2391.77]]
    unit_class:t="bridge_stone_europe_a_ruined"
    objLayer:i=1

    props{
      army:i=2
      active:b=yes
    }
  }

  objectGroups{
    name:t="bridge_ruined_12"
    tm:m=[[-0.897152, -4.27999e-16, 0.441722] [0.0220586, 0.998752, 0.0448018] [-0.441171, 0.0499378, -0.896033] [2532.96, -3.85654, 2632.83]]
    unit_class:t="bridge_stone_europe_a_remains_a"
    objLayer:i=1

    props{
      army:i=2
      active:b=yes
    }
  }

  objectGroups{
    name:t="bridge_ruined_13"
    tm:m=[[-0.138215, 5.7935e-16, -0.990402] [-6.98492e-10, 1.0, 6.8685e-09] [0.990402, 2.68098e-16, -0.138215] [2285.97, -2.52325, 2146.29]]
    unit_class:t="bridge_stone_europe_a_ruined"
    objLayer:i=1

    props{
      army:i=2
      active:b=yes
    }
  }

  objectGroups{
    name:t="bridge_ruined_05"
    tm:m=[[0.53696, -0.00850347, -0.843565] [-0.000767103, 0.999944, -0.0105681] [0.843608, 0.00632187, 0.536923] [1776.17, -3.80866, 1631.68]]
    unit_class:t="bridge_stone_europe_a_remains_b"
    objLayer:i=1

    props{
      army:i=2
      active:b=yes
    }
  }

  objectGroups{
    name:t="bridge_ruined_14"
    tm:m=[[-0.503724, -0.0853086, 0.859642] [-0.0573432, 0.996219, 0.0652607] [-0.86196, -0.0164212, -0.506711] [1791.63, -2.34687, 1609.21]]
    unit_class:t="bridge_stone_europe_a_remains_a"
    objLayer:i=1

    props{
      army:i=2
      active:b=yes
    }
  }

  objectGroups{
    name:t="bridge_ruined_15"
    tm:m=[[0.548067, 0.0223848, -0.836135] [-0.0156408, 0.999741, 0.0165126] [0.836288, 0.00402762, 0.548275] [1807.27, -1.96924, 1588.43]]
    unit_class:t="bridge_stone_europe_a_remains_a"
    objLayer:i=1

    props{
      army:i=2
      active:b=yes
    }
  }

  objectGroups{
    name:t="bridge_ruined_16"
    tm:m=[[-0.22479, 0.000480844, 0.974406] [-0.000548241, 1.0, -0.000619917] [-0.974407, -0.000673572, -0.22479] [2107.95, -3.86642, 1687.29]]
    unit_class:t="bridge_stone_europe_a_remains_b"
    objLayer:i=1

    props{
      army:i=2
      active:b=yes
    }
  }

  objectGroups{
    name:t="bridge_ruined_17"
    tm:m=[[-0.379569, 0.157408, 0.911674] [-0.0499725, 0.980493, -0.190096] [-0.923813, -0.117713, -0.364299] [2103.81, -6.46499, 1710.13]]
    unit_class:t="bridge_stone_europe_a_remains_a"
    objLayer:i=1

    props{
      army:i=2
      active:b=yes
    }
  }

  objectGroups{
    name:t="bridge_ruined_18"
    tm:m=[[0.0394134, 6.20402e-16, -0.999222] [-6.98492e-10, 1.0, 6.8685e-09] [0.999223, 1.50424e-16, 0.0394134] [2318.85, 1.69003, 1953.38]]
    unit_class:t="debris_bricks_small"
    objLayer:i=1

    props{
      army:i=2
      active:b=yes
    }
  }

  objectGroups{
    name:t="bridge_ruined_19"
    tm:m=[[0.906351, 4.17819e-16, -0.422524] [-6.98492e-10, 1.0, 6.8685e-09] [0.422524, -4.82653e-16, 0.906352] [2318.79, 1.69002, 1964.57]]
    unit_class:t="debris_bricks_medium_b"
    objLayer:i=1

    props{
      army:i=2
      active:b=yes
    }
  }

  objectGroups{
    name:t="bridge_ruined_20"
    tm:m=[[0.894909, -1.17599e-16, 0.446248] [-6.98492e-10, 1.0, 6.8685e-09] [-0.446248, -6.27453e-16, 0.894909] [2257.67, 1.69002, 1958.85]]
    unit_class:t="debris_bricks_medium_b"
    objLayer:i=1

    props{
      army:i=2
      active:b=yes
    }
  }

  objectGroups{
    name:t="bridge_ruined_21"
    tm:m=[[-0.451851, -6.26703e-16, 0.892093] [-6.98492e-10, 1.0, 6.8685e-09] [-0.892093, 1.21531e-16, -0.451851] [2257.76, 1.04344, 1951.58]]
    unit_class:t="debris_bricks_small"
    objLayer:i=1

    props{
      army:i=2
      active:b=yes
    }
  }

  objectGroups{
    name:t="bridge_ruined_22"
    tm:m=[[0.553947, -0.0128815, -0.832452] [0.0108622, 0.999907, -0.00824457] [0.832481, -0.00447513, 0.554035] [2349.08, -3.83131, 1910.26]]
    unit_class:t="bridge_stone_europe_a_remains_b"
    objLayer:i=1

    props{
      army:i=2
      active:b=yes
    }
  }

  objectGroups{
    name:t="bridge_ruined_23"
    tm:m=[[-0.347124, -6.36476e-16, 0.93782] [-6.98492e-10, 1.0, 6.8685e-09] [-0.93782, 4.92379e-17, -0.347124] [2512.65, -4.03831, 1950.67]]
    unit_class:t="bridge_stone_europe_a_remains_b"
    objLayer:i=1

    props{
      army:i=2
      active:b=yes
    }
  }

  objectGroups{
    name:t="bridge_ruined_24"
    tm:m=[[0.351403, -5.13422e-16, 0.936223] [-6.98492e-10, 1.0, 6.8685e-09] [-0.936224, -3.79373e-16, 0.351404] [2382.14, 1.04342, 2413.17]]
    unit_class:t="debris_bricks_small"
    objLayer:i=1

    props{
      army:i=2
      active:b=yes
    }
  }

  objectGroups{
    name:t="bridge_ruined_25"
    tm:m=[[-0.414386, -6.31212e-16, 0.9101] [-6.98492e-10, 1.0, 6.8685e-09] [-0.910101, 9.53813e-17, -0.414387] [2376.89, -0.466946, 2404.79]]
    unit_class:t="debris_bricks_medium"
    objLayer:i=1

    props{
      army:i=2
      active:b=yes
    }
  }

  objectGroups{
    name:t="bridge_ruined_26"
    tm:m=[[-0.414386, -6.31212e-16, 0.9101] [-6.98492e-10, 1.0, 6.8685e-09] [-0.910101, 9.53813e-17, -0.414387] [2427.4, 1.78964, 2370.08]]
    unit_class:t="debris_bricks_medium_b"
    objLayer:i=1

    props{
      army:i=2
      active:b=yes
    }
  }

  objectGroups{
    name:t="bridge_ruined_27"
    tm:m=[[-0.414386, -6.31212e-16, 0.9101] [-6.98492e-10, 1.0, 6.8685e-09] [-0.910101, 9.53813e-17, -0.414387] [2434.0, 0.959203, 2379.85]]
    unit_class:t="debris_bricks_small"
    objLayer:i=1

    props{
      army:i=2
      active:b=yes
    }
  }

  objectGroups{
    name:t="bridge_ruined_28"
    tm:m=[[0.914014, -0.00198931, -0.405677] [0.00689761, 0.99992, 0.0106375] [0.405623, -0.012521, 0.913955] [2502.54, -3.85654, 2645.4]]
    unit_class:t="bridge_stone_europe_a_remains_b"
    objLayer:i=1

    props{
      army:i=2
      active:b=yes
    }
  }
}

areas{
}

objLayers{

  layer{
    enabled:b=yes
  }

  layer{
    enabled:b=yes
  }

  layer{
    enabled:b=yes
  }

  layer{
    enabled:b=yes
  }
}

wayPoints{
}