className:t="composit"
size:p2=272.0, 272.0

airfield{
  start:p3=125.0, 0.0, 0.0
  end:p3=-125.0, 0.0, 0.0
  width:r=250.0
  spawn:p3=-87.0, 0.0, -87.0
  spawn:p3=0.0, 0.0, -39.0
  spawn:p3=87.0, 0.0, -85.0
  spawn:p3=-84.0, 0.0, 0.0
  spawn:p3=45.0, 0.0, 2.0
  spawn:p3=86.0, 0.0, 2.0
  spawn:p3=-73.0, 0.0, 38.0
  spawn:p3=-40.0, 0.0, 44.0
  spawn:p3=30.0, 0.0, 83.0
  spawn:p3=-82.0, 0.0, -40.0
  spawn:p3=-42.0, 0.0, 0.0
  spawn:p3=91.0, 0.0, -37.0
  spawn:p3=5.0, 0.0, 2.0
  spawn:p3=-43.0, 0.0, -77.0
  spawn:p3=-43.0, 0.0, -42.0
  spawn:p3=-10.0, 0.0, 82.0

  repairTags{
    type_attack_helicopter:b=yes
    type_utility_helicopter:b=yes
    vtol_jet:b=yes
  }
}

storage{
  start:p3=-24.0, 0.0, -23.0
  end:p3=-95.0, 0.0, -23.0
  width:r=250.0
}

parking{
  start:p3=-10.0, 0.0, -34.0
  end:p3=56.0, 0.0, -34.0
  width:r=250.0
}

dwelling{
  start:p3=-21.0, 0.0, 11.0
  end:p3=7.0, 0.0, 12.0
  width:r=250.0
}

node{
  name:t="^^dynHelipad_concrete_snow_b_mesh"
  tm:m=[[1.0, 0.0, 0.0] [0.0, 1.0, 0.0] [0.0, 0.0, 1.0] [0.0, 0.0, 0.0]]
}

node{
  name:t="+NoTreesBox000"
  tm:m=[[160.0, 0.0, 0.0] [0.0, 15.0, 0.0] [0.0, 0.0, 160.0] [0.0, 0.0, 0.0]]
}

node{
  name:t="universal_airfield_fuel_box_a_snow"
  tm:m=[[1.0, 0.0, 1.49012e-08] [0.0, 1.0, 0.0] [-1.49012e-08, 0.0, 1.0] [25.7575, 0.0, 125.738]]
}

node{
  name:t="universal_airfield_fuel_box_b_snow"
  tm:m=[[-1.0, 0.0, -1.50996e-07] [0.0, 1.0, 0.0] [1.50996e-07, 0.0, -1.0] [-36.5068, 0.0, -105.399]]
}

node{
  name:t="universal_airfield_fuel_tent_c_snow"
  tm:m=[[0.819152, 0.0, -0.573576] [0.0, 1.0, 0.0] [0.573576, 0.0, 0.819152] [36.1771, 0.0, 23.7433]]
}

node{
  name:t="universal_airfield_fuel_tent_a_snow"
  tm:m=[[1.62921e-07, -8.74228e-08, -1.0] [8.74228e-08, 1.0, -8.74228e-08] [1.0, -8.74228e-08, 1.62921e-07] [-21.6887, 0.0, -90.8077]]
}

node{
  name:t="universal_airfield_tent_h_snow"
  tm:m=[[-0.0871562, 0.0, 0.996195] [0.0, 1.0, 0.0] [-0.996195, 0.0, -0.0871562] [-107.365, 0.0, 3.58157]]
}

node{
  name:t="universal_airfield_hangar_b_snow"
  tm:m=[[1.0, 0.0, 0.0] [0.0, 1.0, 0.0] [0.0, 0.0, 1.0] [72.5589, 0.0, 113.044]]
}

node{
  name:t="universal_airfield_tower_c_snow"
  tm:m=[[1.0, 0.0, 0.0] [0.0, 1.0, 0.0] [0.0, 0.0, 1.0] [104.436, 0.0, 45.3916]]
}

node{
  name:t="universal_airfield_barrack_g_snow"
  tm:m=[[1.0, 0.0, 0.0] [0.0, 1.0, 0.0] [0.0, 0.0, 1.0] [108.493, 0.0, -57.0062]]
}

node{
  name:t="universal_airfield_barrack_f_snow"
  tm:m=[[1.0, 0.0, 0.0] [0.0, 1.0, 0.0] [0.0, 0.0, 1.0] [-61.9425, 0.0, 47.0345]]
}

node{
  name:t="universal_airfield_shed_a_snow"
  tm:m=[[1.0, 0.0, -1.74846e-07] [0.0, 1.0, 0.0] [1.74846e-07, 0.0, 1.0] [-81.0225, 0.0, 48.955]]
}

node{
  name:t="universal_airfield_fuel_tent_a_snow"
  tm:m=[[1.0, -8.74228e-08, 8.74228e-08] [8.74228e-08, 1.0, 8.74228e-08] [-8.74228e-08, -8.74228e-08, 1.0] [12.5989, 0.0, 22.9394]]
}

node{
  name:t="universal_airfield_barrack_f_snow"
  tm:m=[[1.0, 0.0, 0.0] [0.0, 1.0, 0.0] [0.0, 0.0, 1.0] [99.7005, 0.0, 86.6806]]
}

node{
  name:t="universal_airfield_barrack_f_snow"
  tm:m=[[-1.0, 0.0, -1.50996e-07] [0.0, 1.0, 0.0] [1.50996e-07, 0.0, -1.0] [99.7005, 0.0, 66.2189]]
}

node{
  name:t="universal_airfield_barrack_g_snow"
  tm:m=[[1.0, 0.0, 0.0] [0.0, 1.0, 0.0] [0.0, 0.0, 1.0] [-108.057, 0.0, -28.2767]]
}

node{
  name:t="universal_airfield_sandbags_b_snow"
  tm:m=[[-4.37114e-08, 0.0, 1.0] [0.0, 1.0, 0.0] [-1.0, 0.0, -4.37114e-08] [-57.9048, 0.0, 24.3918]]
}

node{
  name:t="universal_airfield_sandbags_a_snow"
  tm:m=[[1.0, 0.0, 0.0] [0.0, 1.0, 0.0] [0.0, 0.0, 1.0] [-86.0748, 0.0, 44.8669]]
}

node{
  name:t="universal_airfield_sandbags_a_snow"
  tm:m=[[-1.0, 0.0, -1.50996e-07] [0.0, 1.0, 0.0] [1.50996e-07, 0.0, -1.0] [-86.0748, 0.0, 41.1069]]
}

node{
  name:t="universal_airfield_sandbags_a_snow"
  tm:m=[[1.0, 0.0, 0.0] [0.0, 1.0, 0.0] [0.0, 0.0, 1.0] [-86.0748, 0.0, 37.2582]]
}

node{
  name:t="universal_airfield_sandbags_a_snow"
  tm:m=[[-1.0, 0.0, -1.50996e-07] [0.0, 1.0, 0.0] [1.50996e-07, 0.0, -1.0] [-86.0748, 0.0, 33.3484]]
}

node{
  name:t="universal_airfield_tower_b_snow"
  tm:m=[[3.13916e-07, 0.0, -1.0] [0.0, 1.0, 0.0] [1.0, 0.0, 3.13916e-07] [-108.167, 0.0, 101.521]]
}

node{
  name:t="universal_airfield_hangar_d_snow"
  tm:m=[[1.94707e-07, 0.0, 1.0] [0.0, 1.0, 0.0] [-1.0, 0.0, 1.94707e-07] [-20.416, 0.0, 124.367]]
}

node{
  name:t="universal_airfield_fuel_tank_c"
  tm:m=[[-4.37114e-08, 0.0, 1.0] [0.0, 1.0, 0.0] [-1.0, 0.0, -4.37114e-08] [-62.7252, 0.0, 90.2489]]
}

node{
  name:t="universal_airfield_fuel_tank_c"
  tm:m=[[0.906308, 0.0, -0.422618] [0.0, 1.0, 0.0] [0.422618, 0.0, 0.906308] [21.4955, 0.0, 22.6364]]
}

node{
  name:t="universal_airfield_barrels_group_a_snow"
  tm:m=[[0.913545, 0.0, 0.406737] [0.0, 1.0, 0.0] [-0.406737, 0.0, 0.913545] [41.0706, 0.0, -68.6155]]
}

node{
  name:t="universal_airfield_barrack_b_snow"
  tm:m=[[-5.20549e-07, 0.0, 1.0] [0.0, 1.0, 0.0] [-1.0, 0.0, -5.20549e-07] [24.0813, 0.0, 35.8466]]
}

node{
  name:t="universal_airfield_barrack_a_snow"
  tm:m=[[-4.37114e-08, 0.0, 1.0] [0.0, 1.0, 0.0] [-1.0, 0.0, -4.37114e-08] [-53.2457, 0.0, 99.7295]]
}

node{
  name:t="universal_airfield_fuel_tank_c"
  tm:m=[[0.422618, 0.0, -0.906308] [0.0, 1.0, 0.0] [0.906308, 0.0, 0.422618] [-22.9685, 0.0, -105.17]]
}

node{
  name:t="universal_airfield_fuel_box_a_snow"
  tm:m=[[0.906308, 0.0, 0.422618] [0.0, 1.0, 0.0] [-0.422618, 0.0, 0.906308] [-99.4885, 0.0, 110.38]]
}

node{
  name:t="universal_airfield_barrels_group_a_snow"
  tm:m=[[-0.961262, 0.0, 0.275637] [0.0, 1.0, 0.0] [-0.275637, 0.0, -0.961262] [-90.2112, 0.0, 101.429]]
}

node{
  name:t="universal_airfield_shed_a_snow"
  tm:m=[[0.5, 0.0, -0.866026] [0.0, 1.0, 0.0] [0.866026, 0.0, 0.5] [55.6502, 0.0, -43.2457]]
}

node{
  name:t="universal_airfield_fuel_tent_c_snow"
  tm:m=[[-3.37766e-07, 0.0, 1.0] [0.0, 1.0, 0.0] [-1.0, 0.0, -3.37766e-07] [44.1689, 0.0, -47.4077]]
}

node{
  name:t="universal_airfield_barrels_group_a_snow"
  tm:m=[[0.0174514, 0.0, 0.999848] [0.0, 1.0, 0.0] [-0.999848, 0.0, 0.0174514] [-81.6884, 0.0, 38.1348]]
}

node{
  name:t="universal_airfield_fuel_box_a_snow"
  tm:m=[[1.0, 0.0, 1.49012e-08] [0.0, 1.0, 0.0] [-1.49012e-08, 0.0, 1.0] [3.77559, 0.0, 125.738]]
}

node{
  name:t="universal_airfield_fuel_box_b_snow"
  tm:m=[[-1.0, 0.0, -1.50996e-07] [0.0, 1.0, 0.0] [1.50996e-07, 0.0, -1.0] [-47.0058, 0.0, -105.399]]
}