selected_tag:t=""
bin_dump_file:t=""

mission_settings{

  player{
    army:i=1
    wing:t="t1_player01"
    wing:t="t1_player02"
    wing:t="t1_player03"
    wing:t="t1_player04"
    wing:t="t1_player05"
    wing:t="t1_player06"
    wing:t="t1_player07"
    wing:t="t1_player08"
    wing:t="t1_player09"
    wing:t="t1_player10"
    wing:t="t1_player11"
    wing:t="t1_player12"
    wing:t="t1_player13"
    wing:t="t1_player14"
    wing:t="t1_player15"
    wing:t="t1_player16"
    wing:t="t1_player17"
    wing:t="t1_player18"
    wing:t="t1_player19"
    wing:t="t1_player20"
    wing:t="t1_player21"
    wing:t="t1_player22"
    wing:t="t1_player23"
    wing:t="t1_player24"
    wing:t="t1_player25"
    wing:t="t1_player26"
    wing:t="t1_player27"
    wing:t="t1_player28"
    wing:t="t1_player29"
    wing:t="t1_player30"
    wing:t="t1_player31"
    wing:t="t1_player32"
  }

  player_teamB{
    army:i=2
    wing:t="t2_player01"
    wing:t="t2_player02"
    wing:t="t2_player03"
    wing:t="t2_player04"
    wing:t="t2_player05"
    wing:t="t2_player06"
    wing:t="t2_player07"
    wing:t="t2_player08"
    wing:t="t2_player09"
    wing:t="t2_player10"
    wing:t="t2_player11"
    wing:t="t2_player12"
    wing:t="t2_player13"
    wing:t="t2_player14"
    wing:t="t2_player15"
    wing:t="t2_player16"
    wing:t="t2_player17"
    wing:t="t2_player18"
    wing:t="t2_player19"
    wing:t="t2_player20"
    wing:t="t2_player21"
    wing:t="t2_player22"
    wing:t="t2_player23"
    wing:t="t2_player24"
    wing:t="t2_player25"
    wing:t="t2_player26"
    wing:t="t2_player27"
    wing:t="t2_player28"
    wing:t="t2_player29"
    wing:t="t2_player30"
    wing:t="t2_player31"
    wing:t="t2_player32"
    wing:t="t2_player33"
  }

  mission{
    level:t="levels/avg_arctic.bin"
    type:t="domination"
    environment:t="Day"
    weather:t="clear"
    locName:t="missions/_Conq2;location/avg_arctic"
    locDesc:t="missions/_Conq/desc"
    scoreLimit:i=14000
    timeLimit:i=25
    deathPenaltyMul:r=1.0
    postfix:t="_Conq2"
    ctaCaptureZoneEqualPenaltyMul:r=0.0
    useAlternativeMapCoord:b=no
    allowedKillStreaks:b=yes
    randomSpawnTeams:b=no
    remapAiTankModels:b=yes
    battleAreaColorPreset:t="battleArea"
    showTacticalMapCellSize:b=yes
    country_axis:t="germany"
    country_allies:t="ussr"
    restoreType:t="attempts"
    optionalTakeOff:b=no

    stars{
      month:i=6
      day:i=6
    }

    allowedUnitTypes{
      isAirplanesAllowed:b=yes
      isTanksAllowed:b=yes
      isShipsAllowed:b=no
      isHelicoptersAllowed:b=yes
    }

    mission{
      difficulty:t="realistic"
      useAlternativeMapCoord:b=no
      scoreLimit:i=16000
      randomSpawnTeams:b=yes
      remapAiTankModels:b=yes
    }

    mission{
      difficulty:t="hardcore"
      useAlternativeMapCoord:b=no
      scoreLimit:i=18000
      randomSpawnTeams:b=yes
      remapAiTankModels:b=yes
    }
  }

  atmosphere{
    pressure:r=760.0
    temperature:r=-25.0
  }

  spectator_points{
  }

  briefing{
    place_loc:t=""
    date_loc:t=""
    objective_loc:t=""
    music:t="action_01"

    part{
      event:t=""
      minTime:i=0

      slide{
        map:b=yes
        minTime:i=4
        picture:t=""
        showAirMap:b=no

        icon{
          icontype:t="tank"
          side:t="ally"
          target:t="briefing_t1_resp01"
        }

        icon{
          icontype:t="tank"
          side:t="ally"
          target:t="briefing_t1_resp02"
        }

        icon{
          icontype:t="tank"
          side:t="enemy"
          target:t="briefing_t2_resp01"
        }

        icon{
          icontype:t="tank"
          side:t="enemy"
          target:t="briefing_t2_resp02"
        }

        icon{
          icontype:t="basezone_A"
          side:t="neutral"
          target:t="briefing_t1_capturezone"
        }

        battleArea{
          target:t="brief_conq_battle_area"
        }
      }
    }
  }
}

imports{

  import_record{
    file:t="gameData/missions/templates/tank_templates/tank_base_logic_template.blk"
    importAreas:b=yes
    importUnits:b=yes
    importTriggers:b=yes
    importMissionObjectives:b=yes
    importWayPoints:b=yes
    showAreas:b=yes
    showUnits:b=yes
    showTriggers:b=yes
    showMissionObjectives:b=yes
    showWayPoints:b=yes

    excludes{
    }
  }

  import_record{
    file:t="gameData/missions/cta/tanks/arctic/template_arctic_air_spawns.blk"
    importAreas:b=yes
    importUnits:b=yes
    importTriggers:b=yes
    importMissionObjectives:b=yes
    importWayPoints:b=yes
    showAreas:b=yes
    showUnits:b=yes
    showTriggers:b=yes
    showMissionObjectives:b=yes
    showWayPoints:b=yes

    excludes{
    }
  }

  import_record{
    file:t="gameData/missions/cta/tanks/arctic/battleareas/template_arctic_Conq2_battlearea.blk"
    importAreas:b=yes
    importUnits:b=yes
    importTriggers:b=yes
    importMissionObjectives:b=yes
    importWayPoints:b=yes
    showAreas:b=yes
    showUnits:b=yes
    showTriggers:b=yes
    showMissionObjectives:b=yes
    showWayPoints:b=yes

    excludes{
    }
  }

  import_record{
    file:t="gameData/missions/templates/tank_templates/conq_template.blk"
    importAreas:b=yes
    importUnits:b=yes
    importTriggers:b=yes
    importMissionObjectives:b=yes
    importWayPoints:b=yes
    showAreas:b=yes
    showUnits:b=yes
    showTriggers:b=yes
    showMissionObjectives:b=yes
    showWayPoints:b=yes

    excludes{
    }
  }

  import_record{
    file:t="gameData/missions/cta/tanks/arctic/mainareas/arctic_sfx.blk"
    importAreas:b=yes
    importUnits:b=yes
    importTriggers:b=yes
    importMissionObjectives:b=yes
    importWayPoints:b=yes
    showAreas:b=yes
    showUnits:b=yes
    showTriggers:b=yes
    showMissionObjectives:b=yes
    showWayPoints:b=yes

    excludes{
    }
  }

  import_record{
    file:t="gameData/missions/cta/tanks/arctic/battleareas/template_arctic_exclude_battleareas.blk"
    importAreas:b=yes
    importUnits:b=yes
    importTriggers:b=yes
    importMissionObjectives:b=yes
    importWayPoints:b=yes
    showAreas:b=yes
    showUnits:b=yes
    showTriggers:b=yes
    showMissionObjectives:b=yes
    showWayPoints:b=yes

    excludes{
    }
  }
}

triggers{
  isCategory:b=yes
  is_enabled:b=yes
}

mission_objectives{
  isCategory:b=yes
  is_enabled:b=yes
}

variables{
}

dialogs{
}

airfields{
}

effects{
}

units{

  tankModels{
    name:t="t1_player01"
    tm:m=[[-0.130526, 0.0, -0.991445] [0.0, 1.0, 0.0] [0.991445, 0.0, -0.130526] [2299.7, 112.81, 2047.74]]
    unit_class:t="aaa_dummy"
    objLayer:i=1
    closed_waypoints:b=no
    isShipSpline:b=no
    shipTurnRadius:r=100.0
    weapons:t=""
    bullets0:t=""
    bullets1:t=""
    bullets2:t=""
    bullets3:t=""
    bulletsCount0:i=0
    bulletsCount1:i=0
    bulletsCount2:i=0
    bulletsCount3:i=0
    crewSkillK:r=0.0
    applyAllMods:b=no

    props{
      army:i=2
      count:i=1
      formation_type:t="rows"
      formation_div:i=3
      formation_step:p2=2.5, 2.0
      formation_noise:p2=0.1, 0.1
      uniqueName:t=""
      attack_type:t="fire_at_will"
    }

    way{
    }
  }
}

areas{

  briefing_t1_resp01{
    type:t="Point"
    tm:m=[[0.766045, 0.0, -0.642788] [0.0, 1.0, 0.0] [0.642788, 0.0, 0.766045] [2877.21, -2.31257, 1058.74]]
    objLayer:i=0

    props{
    }
  }

  briefing_t1_resp02{
    type:t="Point"
    tm:m=[[0.766045, 0.0, -0.642788] [0.0, 1.0, 0.0] [0.642788, 0.0, 0.766045] [3183.31, -1.35741, 1381.01]]
    objLayer:i=0

    props{
    }
  }

  briefing_t2_resp01{
    type:t="Point"
    tm:m=[[0.608762, 0.0, -0.793353] [0.0, 1.0, 0.0] [0.793353, 0.0, 0.608762] [1937.75, -1.23827, 1990.49]]
    objLayer:i=0

    props{
    }
  }

  briefing_t2_resp02{
    type:t="Point"
    tm:m=[[0.608762, 0.0, -0.793353] [0.0, 1.0, 0.0] [0.793353, 0.0, 0.608762] [2267.92, -1.26173, 2312.01]]
    objLayer:i=0

    props{
    }
  }

  briefing_t1_capturezone{
    type:t="Point"
    tm:m=[[-0.130526, 0.0, -0.991445] [0.0, 1.0, 0.0] [0.991445, 0.0, -0.130526] [2594.58, 25.0378, 1683.2]]
    objLayer:i=0

    props{
    }
  }

  briefing_t1_rb_resp02{
    type:t="Point"
    tm:m=[[0.766045, 0.0, -0.642788] [0.0, 1.0, 0.0] [0.642788, 0.0, 0.766045] [3184.79, -1.35747, 1380.9]]
    objLayer:i=0

    props{
    }
  }

  briefing_t1_rb_resp01{
    type:t="Point"
    tm:m=[[0.766045, 0.0, -0.642788] [0.0, 1.0, 0.0] [0.642788, 0.0, 0.766045] [2876.15, -2.31212, 1058.44]]
    objLayer:i=0

    props{
    }
  }

  briefing_t2_rb_resp01{
    type:t="Point"
    tm:m=[[0.608762, 0.0, -0.793353] [0.0, 1.0, 0.0] [0.793353, 0.0, 0.608762] [1937.43, -1.2372, 1990.41]]
    objLayer:i=0

    props{
    }
  }

  briefing_t2_rb_resp02{
    type:t="Point"
    tm:m=[[0.608762, 0.0, -0.793353] [0.0, 1.0, 0.0] [0.793353, 0.0, 0.608762] [2267.71, -1.26175, 2312.09]]
    objLayer:i=0

    props{
    }
  }

  briefing_t1_rb_capturezone{
    type:t="Point"
    tm:m=[[-0.130526, 0.0, -0.991445] [0.0, 1.0, 0.0] [0.991445, 0.0, -0.130526] [2593.89, 25.0378, 1683.6]]
    objLayer:i=0

    props{
    }
  }

  brief_conq_battle_area{
    type:t="Box"
    tm:m=[[-0.000103708, 0.0, 1600.0] [0.0, 400.0, 0.0] [-1650.0, 0.0, -0.000106948] [2602.36, 3.15302, 1707.15]]
    objLayer:i=4

    props{
    }
  }
}

objLayers{

  layer{
    enabled:b=yes
  }

  layer{
    enabled:b=yes
  }

  layer{
    enabled:b=yes
  }

  layer{
    enabled:b=no
  }
}

wayPoints{
}